Kernel Name,Latency (ms)
52.162.0.1.1,0.10700799897313118
52.162.0.1.2,0.10547199845314026
52.162.0.1.4,0.10700799897313118
52.162.0.1.8,0.10342399775981903
52.162.0.1.12,0.10598399862647057
52.162.0.1.16,0.10444799810647964
52.162.0.1.20,0.10751999914646149
52.162.0.1.24,0.10239999741315842
52.162.0.1.28,0.10649599879980087
52.162.0.1.32,0.10547199845314026
52.162.0.1.36,0.10393599793314934
52.162.0.1.40,0.1080319993197918
52.162.0.1.44,0.10649599879980087
52.162.0.1.48,0.10700799897313118
52.162.0.1.52,0.10598399862647057
52.162.0.1.56,0.10495999827980995
52.162.0.1.60,0.10649599879980087
52.162.0.1.64,0.10547199845314026
52.162.0.1.68,0.10649599879980087
52.162.0.1.72,0.1085439994931221
52.162.0.1.76,0.10751999914646149
52.162.0.1.80,0.10547199845314026
52.162.0.1.84,0.1080319993197918
52.162.0.1.88,0.10700799897313118
52.162.0.1.92,0.10700799897313118
52.162.0.1.96,0.10649599879980087
52.162.0.1.100,0.10905599966645241
52.162.0.1.104,0.1085439994931221
52.162.0.1.108,0.10905599966645241
52.162.0.1.112,0.10649599879980087
52.162.0.1.116,0.10598399862647057
52.162.0.1.120,0.10598399862647057
52.162.0.1.124,0.10649599879980087
52.162.0.1.128,0.10547199845314026
52.162.0.1.136,0.10700799897313118
52.162.0.1.144,0.10598399862647057
52.162.0.1.152,0.11008000001311302
52.162.0.1.160,0.10700799897313118
52.162.0.1.168,0.10598399862647057
52.162.0.1.176,0.10547199845314026
52.162.0.1.184,0.10598399862647057
52.162.0.1.192,0.10598399862647057
52.162.0.1.200,0.10547199845314026
52.162.0.1.208,0.10700799897313118
52.162.0.1.216,0.10547199845314026
52.162.0.1.224,0.10649599879980087
52.162.0.1.232,0.10700799897313118
52.162.0.1.240,0.10342399775981903
52.162.0.1.248,0.10547199845314026
52.162.0.1.256,0.10547199845314026
52.162.0.1.272,0.10598399862647057
52.162.0.1.288,0.10700799897313118
52.162.0.1.304,0.1080319993197918
52.162.0.1.320,0.10751999914646149
52.162.0.1.336,0.1080319993197918
52.162.0.1.352,0.10700799897313118
52.162.0.1.368,0.10649599879980087
52.162.0.1.384,0.1080319993197918
52.162.0.1.416,0.10649599879980087
52.162.0.1.448,0.10649599879980087
52.162.0.1.480,0.10598399862647057
52.162.0.1.512,0.10444799810647964
52.162.0.1.576,0.10598399862647057
52.162.0.1.640,0.10598399862647057
52.162.0.1.704,0.10598399862647057
52.162.0.1.768,0.10649599879980087
52.162.0.1.832,0.10598399862647057
52.162.0.1.896,0.10700799897313118
52.162.0.1.960,0.10598399862647057
52.162.0.1.1024,0.10547199845314026
52.162.0.2.1,0.10649599879980087
52.162.0.2.2,0.09472000226378441
52.162.0.2.4,0.09932800009846687
52.162.0.2.8,0.09830400347709656
52.162.0.2.12,0.09779200330376625
52.162.0.2.16,0.1013759970664978
52.162.0.2.20,0.09728000313043594
52.162.0.2.24,0.09728000313043594
52.162.0.2.28,0.09728000313043594
52.162.0.2.32,0.09881599992513657
52.162.0.2.36,0.09676800295710564
52.162.0.2.40,0.09830399975180626
52.162.0.2.44,0.09830400347709656
52.162.0.2.48,0.09728000313043594
52.162.0.2.52,0.09779200330376625
52.162.0.2.56,0.09574400261044502
52.162.0.2.60,0.09728000313043594
52.162.0.2.64,0.09881599992513657
52.162.0.2.68,0.09728000313043594
52.162.0.2.72,0.09830400347709656
52.162.0.2.76,0.09625600278377533
52.162.0.2.80,0.09932799637317657
52.162.0.2.84,0.09881599992513657
52.162.0.2.88,0.09779200330376625
52.162.0.2.92,0.09676800295710564
52.162.0.2.96,0.09881599992513657
52.162.0.2.100,0.09932800009846687
52.162.0.2.104,0.09728000313043594
52.162.0.2.108,0.09881599992513657
52.162.0.2.112,0.09676800295710564
52.162.0.2.116,0.09523200243711472
52.162.0.2.120,0.09728000313043594
52.162.0.2.124,0.09523200243711472
52.162.0.2.128,0.09779200330376625
52.162.0.2.136,0.09728000313043594
52.162.0.2.144,0.09779200330376625
52.162.0.2.152,0.09779200330376625
52.162.0.2.160,0.09830400347709656
52.162.0.2.168,0.09881599992513657
52.162.0.2.176,0.09779200330376625
52.162.0.2.184,0.09779200330376625
52.162.0.2.192,0.09830400347709656
52.162.0.2.200,0.09728000313043594
52.162.0.2.208,0.09676800295710564
52.162.0.2.216,0.09728000313043594
52.162.0.2.224,0.09625600278377533
52.162.0.2.232,0.09830400347709656
52.162.0.2.240,0.09881599992513657
52.162.0.2.248,0.09676800295710564
52.162.0.2.256,0.09779200330376625
52.162.0.2.272,0.09728000313043594
52.162.0.2.288,0.09728000313043594
52.162.0.2.304,0.09625600278377533
52.162.0.2.320,0.09676800295710564
52.162.0.2.336,0.09676800295710564
52.162.0.2.352,0.09728000313043594
52.162.0.2.368,0.09728000313043594
52.162.0.2.384,0.09728000313043594
52.162.0.2.416,0.09881599992513657
52.162.0.2.448,0.09881599992513657
52.162.0.2.480,0.09574400261044502
52.162.0.2.512,0.09728000313043594
52.162.0.2.576,0.09881599992513657
52.162.0.2.640,0.09676800295710564
52.162.0.2.704,0.09574400261044502
52.162.0.2.768,0.09830400347709656
52.162.0.2.832,0.09676800295710564
52.162.0.2.896,0.09779200330376625
52.162.0.2.960,0.09779200330376625
52.162.0.2.1024,0.09574400261044502
52.162.0.4.1,0.1085439994931221
52.162.0.4.2,0.09728000313043594
52.162.0.4.4,0.09932799637317657
52.162.0.4.8,0.09676800295710564
52.162.0.4.12,0.09523200243711472
52.162.0.4.16,0.09830400347709656
52.162.0.4.20,0.09728000313043594
52.162.0.4.24,0.09472000226378441
52.162.0.4.28,0.09728000313043594
52.162.0.4.32,0.09728000313043594
52.162.0.4.36,0.09574400261044502
52.162.0.4.40,0.09728000313043594
52.162.0.4.44,0.09728000313043594
52.162.0.4.48,0.09728000313043594
52.162.0.4.52,0.09574400261044502
52.162.0.4.56,0.09728000313043594
52.162.0.4.60,0.09676800295710564
52.162.0.4.64,0.09830399975180626
52.162.0.4.68,0.09779200330376625
52.162.0.4.72,0.09625600278377533
52.162.0.4.76,0.09523200243711472
52.162.0.4.80,0.09676800295710564
52.162.0.4.84,0.09932799637317657
52.162.0.4.88,0.09830400347709656
52.162.0.4.92,0.09574400261044502
52.162.0.4.96,0.09625600278377533
52.162.0.4.100,0.09625600278377533
52.162.0.4.104,0.09676800295710564
52.162.0.4.108,0.09523200243711472
52.162.0.4.112,0.09728000313043594
52.162.0.4.116,0.09779200330376625
52.162.0.4.120,0.09625600278377533
52.162.0.4.124,0.09676800295710564
52.162.0.4.128,0.09779200330376625
52.162.0.4.136,0.09728000313043594
52.162.0.4.144,0.09728000313043594
52.162.0.4.152,0.09881599992513657
52.162.0.4.160,0.09779200330376625
52.162.0.4.168,0.09728000313043594
52.162.0.4.176,0.09728000313043594
52.162.0.4.184,0.09728000313043594
52.162.0.4.192,0.09779200330376625
52.162.0.4.200,0.09830399975180626
52.162.0.4.208,0.09625600278377533
52.162.0.4.216,0.09625600278377533
52.162.0.4.224,0.09728000313043594
52.162.0.4.232,0.09881599992513657
52.162.0.4.240,0.09881599992513657
52.162.0.4.248,0.09830400347709656
52.162.0.4.256,0.09830400347709656
52.162.0.4.272,0.09574400261044502
52.162.0.4.288,0.09574400261044502
52.162.0.4.304,0.1013759970664978
52.162.0.4.320,0.09932800009846687
52.162.0.4.336,0.09625600278377533
52.162.0.4.352,0.09472000226378441
52.162.0.4.368,0.09830400347709656
52.162.0.4.384,0.09881599992513657
52.162.0.4.416,0.09779200330376625
52.162.0.4.448,0.09881599992513657
52.162.0.4.480,0.09728000313043594
52.162.0.4.512,0.09881599992513657
52.162.0.4.576,0.09830400347709656
52.162.0.4.640,0.09625600278377533
52.162.0.4.704,0.09472000226378441
52.162.0.4.768,0.09728000313043594
52.162.0.4.832,0.09625600278377533
52.162.0.4.896,0.09676800295710564
52.162.0.4.960,0.09625600278377533
52.162.0.4.1024,0.09830400347709656
52.162.0.8.1,0.10700799897313118
52.162.0.8.2,0.09728000313043594
52.162.0.8.4,0.09830400347709656
52.162.0.8.8,0.09728000313043594
52.162.0.8.12,0.09676800295710564
52.162.0.8.16,0.09779200330376625
52.162.0.8.20,0.09881599992513657
52.162.0.8.24,0.09625600278377533
52.162.0.8.28,0.09625600278377533
52.162.0.8.32,0.09830399975180626
52.162.0.8.36,0.09830400347709656
52.162.0.8.40,0.09625600278377533
52.162.0.8.44,0.09728000313043594
52.162.0.8.48,0.09830400347709656
52.162.0.8.52,0.09728000313043594
52.162.0.8.56,0.09625600278377533
52.162.0.8.60,0.09625600278377533
52.162.0.8.64,0.09830399975180626
52.162.0.8.68,0.09728000313043594
52.162.0.8.72,0.09830400347709656
52.162.0.8.76,0.09830399975180626
52.162.0.8.80,0.09779200330376625
52.162.0.8.84,0.09830400347709656
52.162.0.8.88,0.09830399975180626
52.162.0.8.92,0.09728000313043594
52.162.0.8.96,0.09779200330376625
52.162.0.8.100,0.09728000313043594
52.162.0.8.104,0.09676800295710564
52.162.0.8.108,0.09472000226378441
52.162.0.8.112,0.09574400261044502
52.162.0.8.116,0.09625600278377533
52.162.0.8.120,0.09728000313043594
52.162.0.8.124,0.09728000313043594
52.162.0.8.128,0.09779200330376625
52.162.0.8.136,0.09830400347709656
52.162.0.8.144,0.09676800295710564
52.162.0.8.152,0.09676800295710564
52.162.0.8.160,0.09625600278377533
52.162.0.8.168,0.09625600278377533
52.162.0.8.176,0.09830400347709656
52.162.0.8.184,0.09728000313043594
52.162.0.8.192,0.09779200330376625
52.162.0.8.200,0.09625600278377533
52.162.0.8.208,0.09779200330376625
52.162.0.8.216,0.09881599992513657
52.162.0.8.224,0.09728000313043594
52.162.0.8.232,0.09881599992513657
52.162.0.8.240,0.09676800295710564
52.162.0.8.248,0.09728000313043594
52.162.0.8.256,0.09728000313043594
52.162.0.8.272,0.09523200243711472
52.162.0.8.288,0.09830400347709656
52.162.0.8.304,0.09779200330376625
52.162.0.8.320,0.09676800295710564
52.162.0.8.336,0.09830400347709656
52.162.0.8.352,0.09625600278377533
52.162.0.8.368,0.09625600278377533
52.162.0.8.384,0.09779200330376625
52.162.0.8.416,0.09779200330376625
52.162.0.8.448,0.09728000313043594
52.162.0.8.480,0.09779200330376625
52.162.0.8.512,0.09779200330376625
52.162.0.8.576,0.09676800295710564
52.162.0.8.640,0.09676800295710564
52.162.0.8.704,0.09830399975180626
52.162.0.8.768,0.09728000313043594
52.162.0.8.832,0.09983999654650688
52.162.0.8.896,0.09830400347709656
52.162.0.8.960,0.09574400261044502
52.162.0.8.1024,0.09830399975180626
52.162.0.12.1,0.11008000001311302
52.162.0.12.2,0.09523200243711472
52.162.0.12.4,0.09625600278377533
52.162.0.12.8,0.09728000313043594
52.162.0.12.12,0.09830400347709656
52.162.0.12.16,0.09625600278377533
52.162.0.12.20,0.0942080020904541
52.162.0.12.24,0.09472000226378441
52.162.0.12.28,0.09728000313043594
52.162.0.12.32,0.09728000313043594
52.162.0.12.36,0.09881599992513657
52.162.0.12.40,0.09830400347709656
52.162.0.12.44,0.09779200330376625
52.162.0.12.48,0.09676800295710564
52.162.0.12.52,0.09728000313043594
52.162.0.12.56,0.09830400347709656
52.162.0.12.60,0.09881599992513657
52.162.0.12.64,0.09625600278377533
52.162.0.12.68,0.09881599992513657
52.162.0.12.72,0.09676800295710564
52.162.0.12.76,0.09625600278377533
52.162.0.12.80,0.0936960019171238
52.162.0.12.84,0.09779200330376625
52.162.0.12.88,0.09728000313043594
52.162.0.12.92,0.09932800009846687
52.162.0.12.96,0.09881599992513657
52.162.0.12.100,0.09676800295710564
52.162.0.12.104,0.09830400347709656
52.162.0.12.108,0.09830400347709656
52.162.0.12.112,0.0942080020904541
52.162.0.12.116,0.09779200330376625
52.162.0.12.120,0.09728000313043594
52.162.0.12.124,0.09676800295710564
52.162.0.12.128,0.09625600278377533
52.162.0.12.136,0.09728000313043594
52.162.0.12.144,0.09574400261044502
52.162.0.12.152,0.09932799637317657
52.162.0.12.160,0.09728000313043594
52.162.0.12.168,0.09728000313043594
52.162.0.12.176,0.09830399975180626
52.162.0.12.184,0.0942080020904541
52.162.0.12.192,0.09523200243711472
52.162.0.12.200,0.09779200330376625
52.162.0.12.208,0.09881599992513657
52.162.0.12.216,0.09779199957847595
52.162.0.12.224,0.09728000313043594
52.162.0.12.232,0.09574400261044502
52.162.0.12.240,0.09881599992513657
52.162.0.12.248,0.09779200330376625
52.162.0.12.256,0.09932800009846687
52.162.0.12.272,0.09728000313043594
52.162.0.12.288,0.09625600278377533
52.162.0.12.304,0.09728000313043594
52.162.0.12.320,0.09625600278377533
52.162.0.12.336,0.09728000313043594
52.162.0.12.352,0.09881599992513657
52.162.0.12.368,0.09881599992513657
52.162.0.12.384,0.09779200330376625
52.162.0.12.416,0.09932799637317657
52.162.0.12.448,0.09779200330376625
52.162.0.12.480,0.09728000313043594
52.162.0.12.512,0.09728000313043594
52.162.0.12.576,0.09625600278377533
52.162.0.12.640,0.09676800295710564
52.162.0.12.704,0.09830399975180626
52.162.0.12.768,0.09779200330376625
52.162.0.12.832,0.09625600278377533
52.162.0.12.896,0.09318400174379349
52.162.0.12.960,0.09728000313043594
52.162.0.12.1024,0.09728000313043594
52.162.0.16.1,0.10649599879980087
52.162.0.16.2,0.09830400347709656
52.162.0.16.4,0.09881599992513657
52.162.0.16.8,0.09523200243711472
52.162.0.16.12,0.09676800295710564
52.162.0.16.16,0.09728000313043594
52.162.0.16.20,0.09676800295710564
52.162.0.16.24,0.09830400347709656
52.162.0.16.28,0.09830400347709656
52.162.0.16.32,0.09728000313043594
52.162.0.16.36,0.09728000313043594
52.162.0.16.40,0.09574400261044502
52.162.0.16.44,0.09625600278377533
52.162.0.16.48,0.09728000313043594
52.162.0.16.52,0.09523200243711472
52.162.0.16.56,0.09625600278377533
52.162.0.16.60,0.09625600278377533
52.162.0.16.64,0.09728000313043594
52.162.0.16.68,0.09728000313043594
52.162.0.16.72,0.09779200330376625
52.162.0.16.76,0.09574400261044502
52.162.0.16.80,0.09881599992513657
52.162.0.16.84,0.09728000313043594
52.162.0.16.88,0.09625600278377533
52.162.0.16.92,0.09830400347709656
52.162.0.16.96,0.09779200330376625
52.162.0.16.100,0.09881599992513657
52.162.0.16.104,0.09881599992513657
52.162.0.16.108,0.09574400261044502
52.162.0.16.112,0.09728000313043594
52.162.0.16.116,0.10035199671983719
52.162.0.16.120,0.09830400347709656
52.162.0.16.124,0.09625600278377533
52.162.0.16.128,0.09779200330376625
52.162.0.16.136,0.09830399975180626
52.162.0.16.144,0.09676800295710564
52.162.0.16.152,0.09574400261044502
52.162.0.16.160,0.09574400261044502
52.162.0.16.168,0.09625600278377533
52.162.0.16.176,0.09830400347709656
52.162.0.16.184,0.09472000226378441
52.162.0.16.192,0.09779200330376625
52.162.0.16.200,0.09676800295710564
52.162.0.16.208,0.09830399975180626
52.162.0.16.216,0.09625600278377533
52.162.0.16.224,0.09779200330376625
52.162.0.16.232,0.09830400347709656
52.162.0.16.240,0.09625600278377533
52.162.0.16.248,0.09830399975180626
52.162.0.16.256,0.09523200243711472
52.162.0.16.272,0.09728000313043594
52.162.0.16.288,0.09881599992513657
52.162.0.16.304,0.09676800295710564
52.162.0.16.320,0.09728000313043594
52.162.0.16.336,0.09728000313043594
52.162.0.16.352,0.09574400261044502
52.162.0.16.368,0.09676800295710564
52.162.0.16.384,0.09779200330376625
52.162.0.16.416,0.09676800295710564
52.162.0.16.448,0.09881599992513657
52.162.0.16.480,0.09932800009846687
52.162.0.16.512,0.09779200330376625
52.162.0.16.576,0.09779200330376625
52.162.0.16.640,0.09881599992513657
52.162.0.16.704,0.09983999654650688
52.162.0.16.768,0.09625600278377533
52.162.0.16.832,0.09728000313043594
52.162.0.16.896,0.09728000313043594
52.162.0.16.960,0.09779200330376625
52.162.0.16.1024,0.09574400261044502
52.162.0.20.1,0.10905599966645241
52.162.0.20.2,0.09676800295710564
52.162.0.20.4,0.09676800295710564
52.162.0.20.8,0.09676800295710564
52.162.0.20.12,0.09779200330376625
52.162.0.20.16,0.09779200330376625
52.162.0.20.20,0.09932800009846687
52.162.0.20.24,0.09625600278377533
52.162.0.20.28,0.09676800295710564
52.162.0.20.32,0.09625600278377533
52.162.0.20.36,0.09625600278377533
52.162.0.20.40,0.09932800009846687
52.162.0.20.44,0.09830399975180626
52.162.0.20.48,0.09830400347709656
52.162.0.20.52,0.09676800295710564
52.162.0.20.56,0.09779200330376625
52.162.0.20.60,0.09728000313043594
52.162.0.20.64,0.09728000313043594
52.162.0.20.68,0.09728000313043594
52.162.0.20.72,0.09676800295710564
52.162.0.20.76,0.09676800295710564
52.162.0.20.80,0.09728000313043594
52.162.0.20.84,0.09779200330376625
52.162.0.20.88,0.09676800295710564
52.162.0.20.92,0.09728000313043594
52.162.0.20.96,0.09932799637317657
52.162.0.20.100,0.09830399975180626
52.162.0.20.104,0.09830400347709656
52.162.0.20.108,0.09625600278377533
52.162.0.20.112,0.09625600278377533
52.162.0.20.116,0.09523200243711472
52.162.0.20.120,0.09830400347709656
52.162.0.20.124,0.09523200243711472
52.162.0.20.128,0.09523200243711472
52.162.0.20.136,0.09779200330376625
52.162.0.20.144,0.09728000313043594
52.162.0.20.152,0.09881599992513657
52.162.0.20.160,0.09472000226378441
52.162.0.20.168,0.09676800295710564
52.162.0.20.176,0.09881599992513657
52.162.0.20.184,0.09779200330376625
52.162.0.20.192,0.09676800295710564
52.162.0.20.200,0.0942080020904541
52.162.0.20.208,0.09779200330376625
52.162.0.20.216,0.09779200330376625
52.162.0.20.224,0.09728000313043594
52.162.0.20.232,0.09472000226378441
52.162.0.20.240,0.09574400261044502
52.162.0.20.248,0.09728000313043594
52.162.0.20.256,0.09779200330376625
52.162.0.20.272,0.09830399975180626
52.162.0.20.288,0.09523200243711472
52.162.0.20.304,0.09728000313043594
52.162.0.20.320,0.09830399975180626
52.162.0.20.336,0.09676800295710564
52.162.0.20.352,0.09779200330376625
52.162.0.20.368,0.09779200330376625
52.162.0.20.384,0.09983999654650688
52.162.0.20.416,0.09728000313043594
52.162.0.20.448,0.09676800295710564
52.162.0.20.480,0.09779200330376625
52.162.0.20.512,0.09728000313043594
52.162.0.20.576,0.09574400261044502
52.162.0.20.640,0.09625600278377533
52.162.0.20.704,0.09574400261044502
52.162.0.20.768,0.09625600278377533
52.162.0.20.832,0.09779200330376625
52.162.0.20.896,0.09625600278377533
52.162.0.20.960,0.09728000313043594
52.162.0.20.1024,0.09779200330376625
52.162.0.24.1,0.1080319993197918
52.162.0.24.2,0.09676800295710564
52.162.0.24.4,0.09676800295710564
52.162.0.24.8,0.09625600278377533
52.162.0.24.12,0.09676800295710564
52.162.0.24.16,0.09676800295710564
52.162.0.24.20,0.09676800295710564
52.162.0.24.24,0.09830400347709656
52.162.0.24.28,0.09984000027179718
52.162.0.24.32,0.09625600278377533
52.162.0.24.36,0.09728000313043594
52.162.0.24.40,0.09881599992513657
52.162.0.24.44,0.09830400347709656
52.162.0.24.48,0.09881599992513657
52.162.0.24.52,0.09830400347709656
52.162.0.24.56,0.09728000313043594
52.162.0.24.60,0.09523200243711472
52.162.0.24.64,0.09830400347709656
52.162.0.24.68,0.09728000313043594
52.162.0.24.72,0.09779200330376625
52.162.0.24.76,0.09779200330376625
52.162.0.24.80,0.09779200330376625
52.162.0.24.84,0.09728000313043594
52.162.0.24.88,0.09779199957847595
52.162.0.24.92,0.09625600278377533
52.162.0.24.96,0.09728000313043594
52.162.0.24.100,0.09830400347709656
52.162.0.24.104,0.09676800295710564
52.162.0.24.108,0.09881599992513657
52.162.0.24.112,0.09830399975180626
52.162.0.24.116,0.09728000313043594
52.162.0.24.120,0.09728000313043594
52.162.0.24.124,0.09830399975180626
52.162.0.24.128,0.09625600278377533
52.162.0.24.136,0.09881599992513657
52.162.0.24.144,0.09676800295710564
52.162.0.24.152,0.09728000313043594
52.162.0.24.160,0.09932799637317657
52.162.0.24.168,0.09932799637317657
52.162.0.24.176,0.09676800295710564
52.162.0.24.184,0.09625600278377533
52.162.0.24.192,0.09625600278377533
52.162.0.24.200,0.09728000313043594
52.162.0.24.208,0.09830400347709656
52.162.0.24.216,0.09574400261044502
52.162.0.24.224,0.09625600278377533
52.162.0.24.232,0.09676800295710564
52.162.0.24.240,0.09676800295710564
52.162.0.24.248,0.09830400347709656
52.162.0.24.256,0.09830399975180626
52.162.0.24.272,0.09984000027179718
52.162.0.24.288,0.09625600278377533
52.162.0.24.304,0.09676800295710564
52.162.0.24.320,0.09830400347709656
52.162.0.24.336,0.09523200243711472
52.162.0.24.352,0.09779200330376625
52.162.0.24.368,0.09676800295710564
52.162.0.24.384,0.09932800009846687
52.162.0.24.416,0.09881599992513657
52.162.0.24.448,0.09779200330376625
52.162.0.24.480,0.09728000313043594
52.162.0.24.512,0.09728000313043594
52.162.0.24.576,0.09676800295710564
52.162.0.24.640,0.09779200330376625
52.162.0.24.704,0.09676800295710564
52.162.0.24.768,0.09830399975180626
52.162.0.24.832,0.09779200330376625
52.162.0.24.896,0.09779200330376625
52.162.0.24.960,0.09881599992513657
52.162.0.24.1024,0.09881599992513657
52.162.0.28.1,0.10598399862647057
52.162.0.28.2,0.09881599992513657
52.162.0.28.4,0.09830399975180626
52.162.0.28.8,0.09625600278377533
52.162.0.28.12,0.09574400261044502
52.162.0.28.16,0.09676800295710564
52.162.0.28.20,0.09625600278377533
52.162.0.28.24,0.09676800295710564
52.162.0.28.28,0.09728000313043594
52.162.0.28.32,0.09676800295710564
52.162.0.28.36,0.09676800295710564
52.162.0.28.40,0.09676800295710564
52.162.0.28.44,0.09728000313043594
52.162.0.28.48,0.09830400347709656
52.162.0.28.52,0.09625600278377533
52.162.0.28.56,0.09625600278377533
52.162.0.28.60,0.09523200243711472
52.162.0.28.64,0.09830399975180626
52.162.0.28.68,0.09523200243711472
52.162.0.28.72,0.09676800295710564
52.162.0.28.76,0.09574400261044502
52.162.0.28.80,0.09676800295710564
52.162.0.28.84,0.09625600278377533
52.162.0.28.88,0.09728000313043594
52.162.0.28.92,0.09830399975180626
52.162.0.28.96,0.09574400261044502
52.162.0.28.100,0.09830400347709656
52.162.0.28.104,0.09625600278377533
52.162.0.28.108,0.09676800295710564
52.162.0.28.112,0.09728000313043594
52.162.0.28.116,0.09574400261044502
52.162.0.28.120,0.09574400261044502
52.162.0.28.124,0.09881599992513657
52.162.0.28.128,0.09830400347709656
52.162.0.28.136,0.09779200330376625
52.162.0.28.144,0.09625600278377533
52.162.0.28.152,0.09676800295710564
52.162.0.28.160,0.09728000313043594
52.162.0.28.168,0.09676800295710564
52.162.0.28.176,0.09728000313043594
52.162.0.28.184,0.09574400261044502
52.162.0.28.192,0.09625600278377533
52.162.0.28.200,0.09625600278377533
52.162.0.28.208,0.09830399975180626
52.162.0.28.216,0.09779200330376625
52.162.0.28.224,0.09676800295710564
52.162.0.28.232,0.09676800295710564
52.162.0.28.240,0.09830400347709656
52.162.0.28.248,0.09779200330376625
52.162.0.28.256,0.09779200330376625
52.162.0.28.272,0.09676800295710564
52.162.0.28.288,0.09625600278377533
52.162.0.28.304,0.09728000313043594
52.162.0.28.320,0.09779200330376625
52.162.0.28.336,0.09625600278377533
52.162.0.28.352,0.09574400261044502
52.162.0.28.368,0.10035199671983719
52.162.0.28.384,0.09728000313043594
52.162.0.28.416,0.09676800295710564
52.162.0.28.448,0.09574400261044502
52.162.0.28.480,0.09779200330376625
52.162.0.28.512,0.09574400261044502
52.162.0.28.576,0.09676800295710564
52.162.0.28.640,0.09676800295710564
52.162.0.28.704,0.09984000027179718
52.162.0.28.768,0.09625600278377533
52.162.0.28.832,0.09779200330376625
52.162.0.28.896,0.09625600278377533
52.162.0.28.960,0.09523200243711472
52.162.0.28.1024,0.09779200330376625
52.162.0.32.1,0.10751999914646149
52.162.0.32.2,0.09574400261044502
52.162.0.32.4,0.09574400261044502
52.162.0.32.8,0.09779200330376625
52.162.0.32.12,0.09728000313043594
52.162.0.32.16,0.09830400347709656
52.162.0.32.20,0.09881599992513657
52.162.0.32.24,0.09523200243711472
52.162.0.32.28,0.09676800295710564
52.162.0.32.32,0.09676800295710564
52.162.0.32.36,0.09574400261044502
52.162.0.32.40,0.09676800295710564
52.162.0.32.44,0.09779200330376625
52.162.0.32.48,0.09881599992513657
52.162.0.32.52,0.09728000313043594
52.162.0.32.56,0.09983999654650688
52.162.0.32.60,0.09728000313043594
52.162.0.32.64,0.09574400261044502
52.162.0.32.68,0.09676800295710564
52.162.0.32.72,0.09574400261044502
52.162.0.32.76,0.09779200330376625
52.162.0.32.80,0.09830399975180626
52.162.0.32.84,0.09728000313043594
52.162.0.32.88,0.09625600278377533
52.162.0.32.92,0.09676800295710564
52.162.0.32.96,0.09625600278377533
52.162.0.32.100,0.09728000313043594
52.162.0.32.104,0.09779200330376625
52.162.0.32.108,0.09779200330376625
52.162.0.32.112,0.09625600278377533
52.162.0.32.116,0.09574400261044502
52.162.0.32.120,0.09881599992513657
52.162.0.32.124,0.09779200330376625
52.162.0.32.128,0.09728000313043594
52.162.0.32.136,0.09676800295710564
52.162.0.32.144,0.09779200330376625
52.162.0.32.152,0.09779200330376625
52.162.0.32.160,0.09676800295710564
52.162.0.32.168,0.09523200243711472
52.162.0.32.176,0.09676800295710564
52.162.0.32.184,0.09728000313043594
52.162.0.32.192,0.09625600278377533
52.162.0.32.200,0.09728000313043594
52.162.0.32.208,0.09574400261044502
52.162.0.32.216,0.09625600278377533
52.162.0.32.224,0.09830399975180626
52.162.0.32.232,0.09728000313043594
52.162.0.32.240,0.09779200330376625
52.162.0.32.248,0.09625600278377533
52.162.0.32.256,0.09728000313043594
52.162.0.32.272,0.09779200330376625
52.162.0.32.288,0.09728000313043594
52.162.0.32.304,0.09676800295710564
52.162.0.32.320,0.09625600278377533
52.162.0.32.336,0.09625600278377533
52.162.0.32.352,0.09523200243711472
52.162.0.32.368,0.09676800295710564
52.162.0.32.384,0.09728000313043594
52.162.0.32.416,0.09574400261044502
52.162.0.32.448,0.09574400261044502
52.162.0.32.480,0.09676800295710564
52.162.0.32.512,0.09779200330376625
52.162.0.32.576,0.09728000313043594
52.162.0.32.640,0.09728000313043594
52.162.0.32.704,0.09625600278377533
52.162.0.32.768,0.09676800295710564
52.162.0.32.832,0.09779200330376625
52.162.0.32.896,0.09779200330376625
52.162.0.32.960,0.09830400347709656
52.162.0.32.1024,0.09625600278377533
52.162.0.36.1,0.10751999914646149
52.162.0.36.2,0.09574400261044502
52.162.0.36.4,0.09728000313043594
52.162.0.36.8,0.09779200330376625
52.162.0.36.12,0.09574400261044502
52.162.0.36.16,0.09625600278377533
52.162.0.36.20,0.09625600278377533
52.162.0.36.24,0.09728000313043594
52.162.0.36.28,0.09523200243711472
52.162.0.36.32,0.09830400347709656
52.162.0.36.36,0.09728000313043594
52.162.0.36.40,0.09523200243711472
52.162.0.36.44,0.09728000313043594
52.162.0.36.48,0.09574400261044502
52.162.0.36.52,0.09728000313043594
52.162.0.36.56,0.09830400347709656
52.162.0.36.60,0.09574400261044502
52.162.0.36.64,0.09728000313043594
52.162.0.36.68,0.09523200243711472
52.162.0.36.72,0.09625600278377533
52.162.0.36.76,0.09625600278377533
52.162.0.36.80,0.09676800295710564
52.162.0.36.84,0.09625600278377533
52.162.0.36.88,0.09728000313043594
52.162.0.36.92,0.09574400261044502
52.162.0.36.96,0.09625600278377533
52.162.0.36.100,0.09779200330376625
52.162.0.36.104,0.09728000313043594
52.162.0.36.108,0.09625600278377533
52.162.0.36.112,0.09728000313043594
52.162.0.36.116,0.09676800295710564
52.162.0.36.120,0.09830399975180626
52.162.0.36.124,0.09625600278377533
52.162.0.36.128,0.09676800295710564
52.162.0.36.136,0.09728000313043594
52.162.0.36.144,0.09574400261044502
52.162.0.36.152,0.09676800295710564
52.162.0.36.160,0.09932800009846687
52.162.0.36.168,0.09574400261044502
52.162.0.36.176,0.09574400261044502
52.162.0.36.184,0.09779200330376625
52.162.0.36.192,0.09676800295710564
52.162.0.36.200,0.09625600278377533
52.162.0.36.208,0.09881599992513657
52.162.0.36.216,0.09830399975180626
52.162.0.36.224,0.09625600278377533
52.162.0.36.232,0.09523200243711472
52.162.0.36.240,0.09574400261044502
52.162.0.36.248,0.09625600278377533
52.162.0.36.256,0.09523200243711472
52.162.0.36.272,0.09779200330376625
52.162.0.36.288,0.09676800295710564
52.162.0.36.304,0.09472000226378441
52.162.0.36.320,0.09830400347709656
52.162.0.36.336,0.09676800295710564
52.162.0.36.352,0.09830400347709656
52.162.0.36.368,0.09625600278377533
52.162.0.36.384,0.09625600278377533
52.162.0.36.416,0.09472000226378441
52.162.0.36.448,0.09779200330376625
52.162.0.36.480,0.09625600278377533
52.162.0.36.512,0.09676800295710564
52.162.0.36.576,0.09830399975180626
52.162.0.36.640,0.09728000313043594
52.162.0.36.704,0.09523200243711472
52.162.0.36.768,0.09625600278377533
52.162.0.36.832,0.09728000313043594
52.162.0.36.896,0.09779200330376625
52.162.0.36.960,0.09881599992513657
52.162.0.36.1024,0.09881599992513657
52.162.0.40.1,0.10547199845314026
52.162.0.40.2,0.09676800295710564
52.162.0.40.4,0.09625600278377533
52.162.0.40.8,0.09574400261044502
52.162.0.40.12,0.09830400347709656
52.162.0.40.16,0.09728000313043594
52.162.0.40.20,0.09881599992513657
52.162.0.40.24,0.09625600278377533
52.162.0.40.28,0.09625600278377533
52.162.0.40.32,0.09779200330376625
52.162.0.40.36,0.09676800295710564
52.162.0.40.40,0.09779200330376625
52.162.0.40.44,0.09676800295710564
52.162.0.40.48,0.09881599992513657
52.162.0.40.52,0.09830400347709656
52.162.0.40.56,0.09728000313043594
52.162.0.40.60,0.09676800295710564
52.162.0.40.64,0.09625600278377533
52.162.0.40.68,0.09728000313043594
52.162.0.40.72,0.09523200243711472
52.162.0.40.76,0.09625600278377533
52.162.0.40.80,0.09779200330376625
52.162.0.40.84,0.09676800295710564
52.162.0.40.88,0.09625600278377533
52.162.0.40.92,0.09728000313043594
52.162.0.40.96,0.09574400261044502
52.162.0.40.100,0.09676800295710564
52.162.0.40.104,0.09625600278377533
52.162.0.40.108,0.09574400261044502
52.162.0.40.112,0.09625600278377533
52.162.0.40.116,0.09676800295710564
52.162.0.40.120,0.09676800295710564
52.162.0.40.124,0.09881599992513657
52.162.0.40.128,0.09625600278377533
52.162.0.40.136,0.09830399975180626
52.162.0.40.144,0.09881599992513657
52.162.0.40.152,0.09881599992513657
52.162.0.40.160,0.09676800295710564
52.162.0.40.168,0.09676800295710564
52.162.0.40.176,0.09728000313043594
52.162.0.40.184,0.09676800295710564
52.162.0.40.192,0.09779200330376625
52.162.0.40.200,0.09523200243711472
52.162.0.40.208,0.09984000027179718
52.162.0.40.216,0.1008639968931675
52.162.0.40.224,0.09830400347709656
52.162.0.40.232,0.10035199671983719
52.162.0.40.240,0.09728000313043594
52.162.0.40.248,0.09830399975180626
52.162.0.40.256,0.09830400347709656
52.162.0.40.272,0.09779200330376625
52.162.0.40.288,0.09779200330376625
52.162.0.40.304,0.09676800295710564
52.162.0.40.320,0.09830399975180626
52.162.0.40.336,0.09728000313043594
52.162.0.40.352,0.09830400347709656
52.162.0.40.368,0.09932799637317657
52.162.0.40.384,0.09728000313043594
52.162.0.40.416,0.09676800295710564
52.162.0.40.448,0.09779200330376625
52.162.0.40.480,0.09830399975180626
52.162.0.40.512,0.09830400347709656
52.162.0.40.576,0.09881599992513657
52.162.0.40.640,0.09830400347709656
52.162.0.40.704,0.09676800295710564
52.162.0.40.768,0.09676800295710564
52.162.0.40.832,0.09779200330376625
52.162.0.40.896,0.09728000313043594
52.162.0.40.960,0.09676800295710564
52.162.0.40.1024,0.09625600278377533
52.162.0.44.1,0.10547199845314026
52.162.0.44.2,0.09779200330376625
52.162.0.44.4,0.09523200243711472
52.162.0.44.8,0.09676800295710564
52.162.0.44.12,0.09676800295710564
52.162.0.44.16,0.09830399975180626
52.162.0.44.20,0.09676800295710564
52.162.0.44.24,0.09625600278377533
52.162.0.44.28,0.09728000313043594
52.162.0.44.32,0.09676800295710564
52.162.0.44.36,0.09779200330376625
52.162.0.44.40,0.09830400347709656
52.162.0.44.44,0.09625600278377533
52.162.0.44.48,0.09625600278377533
52.162.0.44.52,0.09830400347709656
52.162.0.44.56,0.09728000313043594
52.162.0.44.60,0.09625600278377533
52.162.0.44.64,0.09728000313043594
52.162.0.44.68,0.09728000313043594
52.162.0.44.72,0.09728000313043594
52.162.0.44.76,0.09574400261044502
52.162.0.44.80,0.09676800295710564
52.162.0.44.84,0.09779200330376625
52.162.0.44.88,0.09830399975180626
52.162.0.44.92,0.09779200330376625
52.162.0.44.96,0.09728000313043594
52.162.0.44.100,0.09830400347709656
52.162.0.44.104,0.09676800295710564
52.162.0.44.108,0.09830400347709656
52.162.0.44.112,0.09728000313043594
52.162.0.44.116,0.09574400261044502
52.162.0.44.120,0.09830400347709656
52.162.0.44.124,0.09881599992513657
52.162.0.44.128,0.09728000313043594
52.162.0.44.136,0.09779200330376625
52.162.0.44.144,0.10035199671983719
52.162.0.44.152,0.09779200330376625
52.162.0.44.160,0.09728000313043594
52.162.0.44.168,0.09676800295710564
52.162.0.44.176,0.09932799637317657
52.162.0.44.184,0.09779200330376625
52.162.0.44.192,0.09779200330376625
52.162.0.44.200,0.09881599992513657
52.162.0.44.208,0.09728000313043594
52.162.0.44.216,0.09625600278377533
52.162.0.44.224,0.09676800295710564
52.162.0.44.232,0.09830400347709656
52.162.0.44.240,0.09472000226378441
52.162.0.44.248,0.09779200330376625
52.162.0.44.256,0.09728000313043594
52.162.0.44.272,0.09728000313043594
52.162.0.44.288,0.09728000313043594
52.162.0.44.304,0.09676800295710564
52.162.0.44.320,0.09676800295710564
52.162.0.44.336,0.09625600278377533
52.162.0.44.352,0.09676800295710564
52.162.0.44.368,0.09728000313043594
52.162.0.44.384,0.09574400261044502
52.162.0.44.416,0.09728000313043594
52.162.0.44.448,0.09574400261044502
52.162.0.44.480,0.09574400261044502
52.162.0.44.512,0.09574400261044502
52.162.0.44.576,0.09728000313043594
52.162.0.44.640,0.09472000226378441
52.162.0.44.704,0.09779199957847595
52.162.0.44.768,0.09881599992513657
52.162.0.44.832,0.09728000313043594
52.162.0.44.896,0.09523200243711472
52.162.0.44.960,0.09523200243711472
52.162.0.44.1024,0.09523200243711472
52.162.0.48.1,0.10905599966645241
52.162.0.48.2,0.09779200330376625
52.162.0.48.4,0.09728000313043594
52.162.0.48.8,0.10035199671983719
52.162.0.48.12,0.09932799637317657
52.162.0.48.16,0.09881599992513657
52.162.0.48.20,0.09779200330376625
52.162.0.48.24,0.09676800295710564
52.162.0.48.28,0.09728000313043594
52.162.0.48.32,0.09625600278377533
52.162.0.48.36,0.09779200330376625
52.162.0.48.40,0.09574400261044502
52.162.0.48.44,0.09830400347709656
52.162.0.48.48,0.09676800295710564
52.162.0.48.52,0.09779200330376625
52.162.0.48.56,0.09676800295710564
52.162.0.48.60,0.09881599992513657
52.162.0.48.64,0.09728000313043594
52.162.0.48.68,0.09728000313043594
52.162.0.48.72,0.09779199957847595
52.162.0.48.76,0.09779199957847595
52.162.0.48.80,0.10035199671983719
52.162.0.48.84,0.09625600278377533
52.162.0.48.88,0.09728000313043594
52.162.0.48.92,0.09728000313043594
52.162.0.48.96,0.09625600278377533
52.162.0.48.100,0.09779199957847595
52.162.0.48.104,0.09728000313043594
52.162.0.48.108,0.09830399975180626
52.162.0.48.112,0.09881599992513657
52.162.0.48.116,0.09728000313043594
52.162.0.48.120,0.09625600278377533
52.162.0.48.124,0.09932799637317657
52.162.0.48.128,0.09779200330376625
52.162.0.48.136,0.09881599992513657
52.162.0.48.144,0.09676800295710564
52.162.0.48.152,0.09779200330376625
52.162.0.48.160,0.09881599992513657
52.162.0.48.168,0.09830399975180626
52.162.0.48.176,0.09523200243711472
52.162.0.48.184,0.09625600278377533
52.162.0.48.192,0.09574400261044502
52.162.0.48.200,0.09676800295710564
52.162.0.48.208,0.1013759970664978
52.162.0.48.216,0.09830400347709656
52.162.0.48.224,0.09881599992513657
52.162.0.48.232,0.1008639968931675
52.162.0.48.240,0.10035199671983719
52.162.0.48.248,0.09625600278377533
52.162.0.48.256,0.09881599992513657
52.162.0.48.272,0.10035199671983719
52.162.0.48.288,0.09881599992513657
52.162.0.48.304,0.09830400347709656
52.162.0.48.320,0.09983999654650688
52.162.0.48.336,0.09779200330376625
52.162.0.48.352,0.09881599992513657
52.162.0.48.368,0.09779199957847595
52.162.0.48.384,0.09728000313043594
52.162.0.48.416,0.09625600278377533
52.162.0.48.448,0.09779199957847595
52.162.0.48.480,0.09472000226378441
52.162.0.48.512,0.09779200330376625
52.162.0.48.576,0.09881599992513657
52.162.0.48.640,0.09779199957847595
52.162.0.48.704,0.09728000313043594
52.162.0.48.768,0.09625600278377533
52.162.0.48.832,0.09676800295710564
52.162.0.48.896,0.09574400261044502
52.162.0.48.960,0.09574400261044502
52.162.0.48.1024,0.09779200330376625
52.162.0.52.1,0.10751999914646149
52.162.0.52.2,0.09472000226378441
52.162.0.52.4,0.09728000313043594
52.162.0.52.8,0.09830399975180626
52.162.0.52.12,0.09625600278377533
52.162.0.52.16,0.09625600278377533
52.162.0.52.20,0.09728000313043594
52.162.0.52.24,0.09625600278377533
52.162.0.52.28,0.09625600278377533
52.162.0.52.32,0.09625600278377533
52.162.0.52.36,0.09779200330376625
52.162.0.52.40,0.09830400347709656
52.162.0.52.44,0.09779200330376625
52.162.0.52.48,0.09574400261044502
52.162.0.52.52,0.09574400261044502
52.162.0.52.56,0.09728000313043594
52.162.0.52.60,0.09625600278377533
52.162.0.52.64,0.09676800295710564
52.162.0.52.68,0.09574400261044502
52.162.0.52.72,0.09676800295710564
52.162.0.52.76,0.09779200330376625
52.162.0.52.80,0.09676800295710564
52.162.0.52.84,0.09676800295710564
52.162.0.52.88,0.09676800295710564
52.162.0.52.92,0.09676800295710564
52.162.0.52.96,0.09625600278377533
52.162.0.52.100,0.09625600278377533
52.162.0.52.104,0.09728000313043594
52.162.0.52.108,0.09728000313043594
52.162.0.52.112,0.09472000226378441
52.162.0.52.116,0.09676800295710564
52.162.0.52.120,0.09523200243711472
52.162.0.52.124,0.09625600278377533
52.162.0.52.128,0.09523200243711472
52.162.0.52.136,0.09676800295710564
52.162.0.52.144,0.09728000313043594
52.162.0.52.152,0.09779200330376625
52.162.0.52.160,0.09676800295710564
52.162.0.52.168,0.09728000313043594
52.162.0.52.176,0.09728000313043594
52.162.0.52.184,0.09625600278377533
52.162.0.52.192,0.09676800295710564
52.162.0.52.200,0.09625600278377533
52.162.0.52.208,0.09574400261044502
52.162.0.52.216,0.09830400347709656
52.162.0.52.224,0.09625600278377533
52.162.0.52.232,0.09779200330376625
52.162.0.52.240,0.09625600278377533
52.162.0.52.248,0.09728000313043594
52.162.0.52.256,0.09728000313043594
52.162.0.52.272,0.09881599992513657
52.162.0.52.288,0.09728000313043594
52.162.0.52.304,0.09830400347709656
52.162.0.52.320,0.09779200330376625
52.162.0.52.336,0.09676800295710564
52.162.0.52.352,0.09728000313043594
52.162.0.52.368,0.09728000313043594
52.162.0.52.384,0.09676800295710564
52.162.0.52.416,0.09728000313043594
52.162.0.52.448,0.09676800295710564
52.162.0.52.480,0.09881599992513657
52.162.0.52.512,0.09830400347709656
52.162.0.52.576,0.09779200330376625
52.162.0.52.640,0.09523200243711472
52.162.0.52.704,0.09574400261044502
52.162.0.52.768,0.09625600278377533
52.162.0.52.832,0.09472000226378441
52.162.0.52.896,0.09625600278377533
52.162.0.52.960,0.09676800295710564
52.162.0.52.1024,0.09676800295710564
52.162.0.56.1,0.1080319993197918
52.162.0.56.2,0.09830400347709656
52.162.0.56.4,0.09574400261044502
52.162.0.56.8,0.09676800295710564
52.162.0.56.12,0.09728000313043594
52.162.0.56.16,0.09625600278377533
52.162.0.56.20,0.09728000313043594
52.162.0.56.24,0.09728000313043594
52.162.0.56.28,0.09676800295710564
52.162.0.56.32,0.09984000027179718
52.162.0.56.36,0.09728000313043594
52.162.0.56.40,0.09676800295710564
52.162.0.56.44,0.09676800295710564
52.162.0.56.48,0.09881599992513657
52.162.0.56.52,0.09830399975180626
52.162.0.56.56,0.09983999654650688
52.162.0.56.60,0.09728000313043594
52.162.0.56.64,0.09881599992513657
52.162.0.56.68,0.09881599992513657
52.162.0.56.72,0.09881599992513657
52.162.0.56.76,0.09881599992513657
52.162.0.56.80,0.09881599992513657
52.162.0.56.84,0.09676800295710564
52.162.0.56.88,0.09676800295710564
52.162.0.56.92,0.09625600278377533
52.162.0.56.96,0.09728000313043594
52.162.0.56.100,0.09728000313043594
52.162.0.56.104,0.09574400261044502
52.162.0.56.108,0.09676800295710564
52.162.0.56.112,0.09830399975180626
52.162.0.56.116,0.09728000313043594
52.162.0.56.120,0.09881599992513657
52.162.0.56.124,0.09728000313043594
52.162.0.56.128,0.09676800295710564
52.162.0.56.136,0.09830399975180626
52.162.0.56.144,0.09830399975180626
52.162.0.56.152,0.09779200330376625
52.162.0.56.160,0.09676800295710564
52.162.0.56.168,0.09728000313043594
52.162.0.56.176,0.09574400261044502
52.162.0.56.184,0.09728000313043594
52.162.0.56.192,0.09625600278377533
52.162.0.56.200,0.09881599992513657
52.162.0.56.208,0.1013759970664978
52.162.0.56.216,0.09779200330376625
52.162.0.56.224,0.09676800295710564
52.162.0.56.232,0.09932800009846687
52.162.0.56.240,0.09881599992513657
52.162.0.56.248,0.09830399975180626
52.162.0.56.256,0.09625600278377533
52.162.0.56.272,0.09983999654650688
52.162.0.56.288,0.09728000313043594
52.162.0.56.304,0.09676800295710564
52.162.0.56.320,0.09881599992513657
52.162.0.56.336,0.09728000313043594
52.162.0.56.352,0.09779199957847595
52.162.0.56.368,0.09728000313043594
52.162.0.56.384,0.09523200243711472
52.162.0.56.416,0.09676800295710564
52.162.0.56.448,0.09932800009846687
52.162.0.56.480,0.09830399975180626
52.162.0.56.512,0.09625600278377533
52.162.0.56.576,0.09728000313043594
52.162.0.56.640,0.09625600278377533
52.162.0.56.704,0.09523200243711472
52.162.0.56.768,0.09472000226378441
52.162.0.56.832,0.09472000226378441
52.162.0.56.896,0.09830400347709656
52.162.0.56.960,0.09523200243711472
52.162.0.56.1024,0.09523200243711472
52.162.0.60.1,0.1080319993197918
52.162.0.60.2,0.09728000313043594
52.162.0.60.4,0.09676800295710564
52.162.0.60.8,0.09728000313043594
52.162.0.60.12,0.09676800295710564
52.162.0.60.16,0.09523200243711472
52.162.0.60.20,0.09830400347709656
52.162.0.60.24,0.09625600278377533
52.162.0.60.28,0.09932800009846687
52.162.0.60.32,0.09728000313043594
52.162.0.60.36,0.09676800295710564
52.162.0.60.40,0.09625600278377533
52.162.0.60.44,0.09779200330376625
52.162.0.60.48,0.09830399975180626
52.162.0.60.52,0.09779200330376625
52.162.0.60.56,0.09779200330376625
52.162.0.60.60,0.09881599992513657
52.162.0.60.64,0.09574400261044502
52.162.0.60.68,0.09676800295710564
52.162.0.60.72,0.09779200330376625
52.162.0.60.76,0.09676800295710564
52.162.0.60.80,0.09727999940514565
52.162.0.60.84,0.09676800295710564
52.162.0.60.88,0.09830400347709656
52.162.0.60.92,0.09574400261044502
52.162.0.60.96,0.09523200243711472
52.162.0.60.100,0.09830400347709656
52.162.0.60.104,0.09676800295710564
52.162.0.60.108,0.09830400347709656
52.162.0.60.112,0.09625600278377533
52.162.0.60.116,0.09676800295710564
52.162.0.60.120,0.09728000313043594
52.162.0.60.124,0.09728000313043594
52.162.0.60.128,0.09625600278377533
52.162.0.60.136,0.09830399975180626
52.162.0.60.144,0.09779200330376625
52.162.0.60.152,0.09728000313043594
52.162.0.60.160,0.09625600278377533
52.162.0.60.168,0.09983999654650688
52.162.0.60.176,0.09625600278377533
52.162.0.60.184,0.09523200243711472
52.162.0.60.192,0.09625600278377533
52.162.0.60.200,0.09728000313043594
52.162.0.60.208,0.09676800295710564
52.162.0.60.216,0.09676800295710564
52.162.0.60.224,0.09728000313043594
52.162.0.60.232,0.09984000027179718
52.162.0.60.240,0.09625600278377533
52.162.0.60.248,0.09779199957847595
52.162.0.60.256,0.09830400347709656
52.162.0.60.272,0.09625600278377533
52.162.0.60.288,0.09779200330376625
52.162.0.60.304,0.09676800295710564
52.162.0.60.320,0.09676800295710564
52.162.0.60.336,0.09728000313043594
52.162.0.60.352,0.09830400347709656
52.162.0.60.368,0.09676800295710564
52.162.0.60.384,0.09676800295710564
52.162.0.60.416,0.09830399975180626
52.162.0.60.448,0.09574400261044502
52.162.0.60.480,0.09881599992513657
52.162.0.60.512,0.09676800295710564
52.162.0.60.576,0.09779200330376625
52.162.0.60.640,0.09676800295710564
52.162.0.60.704,0.09472000226378441
52.162.0.60.768,0.09779200330376625
52.162.0.60.832,0.09881599992513657
52.162.0.60.896,0.09932800009846687
52.162.0.60.960,0.09676800295710564
52.162.0.60.1024,0.09523200243711472
52.162.0.64.1,0.10547199845314026
52.162.0.64.2,0.09625600278377533
52.162.0.64.4,0.09676800295710564
52.162.0.64.8,0.09779200330376625
52.162.0.64.12,0.09881599992513657
52.162.0.64.16,0.09574400261044502
52.162.0.64.20,0.09676800295710564
52.162.0.64.24,0.09625600278377533
52.162.0.64.28,0.09779200330376625
52.162.0.64.32,0.09676800295710564
52.162.0.64.36,0.09830399975180626
52.162.0.64.40,0.09728000313043594
52.162.0.64.44,0.09830399975180626
52.162.0.64.48,0.09523200243711472
52.162.0.64.52,0.09728000313043594
52.162.0.64.56,0.09779200330376625
52.162.0.64.60,0.09523200243711472
52.162.0.64.64,0.09728000313043594
52.162.0.64.68,0.09676800295710564
52.162.0.64.72,0.09983999654650688
52.162.0.64.76,0.09728000313043594
52.162.0.64.80,0.09830400347709656
52.162.0.64.84,0.09728000313043594
52.162.0.64.88,0.09523200243711472
52.162.0.64.92,0.09779200330376625
52.162.0.64.96,0.09779200330376625
52.162.0.64.100,0.09881599992513657
52.162.0.64.104,0.09574400261044502
52.162.0.64.108,0.09676800295710564
52.162.0.64.112,0.09676800295710564
52.162.0.64.116,0.09881599992513657
52.162.0.64.120,0.09574400261044502
52.162.0.64.124,0.09728000313043594
52.162.0.64.128,0.09625600278377533
52.162.0.64.136,0.09932799637317657
52.162.0.64.144,0.09676800295710564
52.162.0.64.152,0.09779200330376625
52.162.0.64.160,0.09625600278377533
52.162.0.64.168,0.10035199671983719
52.162.0.64.176,0.09574400261044502
52.162.0.64.184,0.09676800295710564
52.162.0.64.192,0.09881599992513657
52.162.0.64.200,0.09472000226378441
52.162.0.64.208,0.09676800295710564
52.162.0.64.216,0.09779200330376625
52.162.0.64.224,0.09676800295710564
52.162.0.64.232,0.09728000313043594
52.162.0.64.240,0.09932800009846687
52.162.0.64.248,0.09676800295710564
52.162.0.64.256,0.09676800295710564
52.162.0.64.272,0.09779200330376625
52.162.0.64.288,0.09728000313043594
52.162.0.64.304,0.09728000313043594
52.162.0.64.320,0.10649599879980087
52.162.0.64.336,0.09625600278377533
52.162.0.64.352,0.09728000313043594
52.162.0.64.368,0.09625600278377533
52.162.0.64.384,0.09830400347709656
52.162.0.64.416,0.09779200330376625
52.162.0.64.448,0.09728000313043594
52.162.0.64.480,0.09676800295710564
52.162.0.64.512,0.09779200330376625
52.162.0.64.576,0.09881599992513657
52.162.0.64.640,0.09779200330376625
52.162.0.64.704,0.09625600278377533
52.162.0.64.768,0.09830400347709656
52.162.0.64.832,0.09676800295710564
52.162.0.64.896,0.09881599992513657
52.162.0.64.960,0.09625600278377533
52.162.0.64.1024,0.09728000313043594
52.162.0.68.1,0.10751999914646149
52.162.0.68.2,0.09830399975180626
52.162.0.68.4,0.09625600278377533
52.162.0.68.8,0.09830399975180626
52.162.0.68.12,0.09676800295710564
52.162.0.68.16,0.09574400261044502
52.162.0.68.20,0.09676800295710564
52.162.0.68.24,0.09728000313043594
52.162.0.68.28,0.09728000313043594
52.162.0.68.32,0.09728000313043594
52.162.0.68.36,0.09523200243711472
52.162.0.68.40,0.09523200243711472
52.162.0.68.44,0.09779200330376625
52.162.0.68.48,0.09625600278377533
52.162.0.68.52,0.09830399975180626
52.162.0.68.56,0.09676800295710564
52.162.0.68.60,0.09881599992513657
52.162.0.68.64,0.09625600278377533
52.162.0.68.68,0.09676800295710564
52.162.0.68.72,0.09676800295710564
52.162.0.68.76,0.09881599992513657
52.162.0.68.80,0.09676800295710564
52.162.0.68.84,0.09728000313043594
52.162.0.68.88,0.09625600278377533
52.162.0.68.92,0.09523200243711472
52.162.0.68.96,0.09983999654650688
52.162.0.68.100,0.09728000313043594
52.162.0.68.104,0.09830400347709656
52.162.0.68.108,0.09728000313043594
52.162.0.68.112,0.09983999654650688
52.162.0.68.116,0.0942080020904541
52.162.0.68.120,0.09728000313043594
52.162.0.68.124,0.1008639968931675
52.162.0.68.128,0.09625600278377533
52.162.0.68.136,0.09676800295710564
52.162.0.68.144,0.09728000313043594
52.162.0.68.152,0.09779200330376625
52.162.0.68.160,0.09983999654650688
52.162.0.68.168,0.09932799637317657
52.162.0.68.176,0.09779200330376625
52.162.0.68.184,0.09779200330376625
52.162.0.68.192,0.09676800295710564
52.162.0.68.200,0.09830400347709656
52.162.0.68.208,0.09779200330376625
52.162.0.68.216,0.09779200330376625
52.162.0.68.224,0.09830399975180626
52.162.0.68.232,0.09676800295710564
52.162.0.68.240,0.09830400347709656
52.162.0.68.248,0.09574400261044502
52.162.0.68.256,0.09676800295710564
52.162.0.68.272,0.09728000313043594
52.162.0.68.288,0.09728000313043594
52.162.0.68.304,0.09779200330376625
52.162.0.68.320,0.09625600278377533
52.162.0.68.336,0.09830399975180626
52.162.0.68.352,0.09779200330376625
52.162.0.68.368,0.09779200330376625
52.162.0.68.384,0.09574400261044502
52.162.0.68.416,0.09625600278377533
52.162.0.68.448,0.09728000313043594
52.162.0.68.480,0.09932800009846687
52.162.0.68.512,0.09574400261044502
52.162.0.68.576,0.09676800295710564
52.162.0.68.640,0.09676800295710564
52.162.0.68.704,0.09625600278377533
52.162.0.68.768,0.09728000313043594
52.162.0.68.832,0.09676800295710564
52.162.0.68.896,0.09728000313043594
52.162.0.68.960,0.09523200243711472
52.162.0.68.1024,0.09779200330376625
52.162.0.72.1,0.10751999914646149
52.162.0.72.2,0.09676800295710564
52.162.0.72.4,0.09625600278377533
52.162.0.72.8,0.09932799637317657
52.162.0.72.12,0.09728000313043594
52.162.0.72.16,0.09523200243711472
52.162.0.72.20,0.09932800009846687
52.162.0.72.24,0.09728000313043594
52.162.0.72.28,0.09881599992513657
52.162.0.72.32,0.09625600278377533
52.162.0.72.36,0.09625600278377533
52.162.0.72.40,0.09830400347709656
52.162.0.72.44,0.09728000313043594
52.162.0.72.48,0.09779199957847595
52.162.0.72.52,0.09728000313043594
52.162.0.72.56,0.09676800295710564
52.162.0.72.60,0.09779200330376625
52.162.0.72.64,0.09881599992513657
52.162.0.72.68,0.09676800295710564
52.162.0.72.72,0.09779200330376625
52.162.0.72.76,0.09676800295710564
52.162.0.72.80,0.09676800295710564
52.162.0.72.84,0.09779199957847595
52.162.0.72.88,0.09779200330376625
52.162.0.72.92,0.09932800009846687
52.162.0.72.96,0.09728000313043594
52.162.0.72.100,0.09574400261044502
52.162.0.72.104,0.09676800295710564
52.162.0.72.108,0.09625600278377533
52.162.0.72.112,0.09932799637317657
52.162.0.72.116,0.09625600278377533
52.162.0.72.120,0.09881599992513657
52.162.0.72.124,0.09625600278377533
52.162.0.72.128,0.09779200330376625
52.162.0.72.136,0.09830400347709656
52.162.0.72.144,0.09881599992513657
52.162.0.72.152,0.09728000313043594
52.162.0.72.160,0.09830400347709656
52.162.0.72.168,0.09574400261044502
52.162.0.72.176,0.09676800295710564
52.162.0.72.184,0.09779199957847595
52.162.0.72.192,0.09728000313043594
52.162.0.72.200,0.09932800009846687
52.162.0.72.208,0.09728000313043594
52.162.0.72.216,0.09779200330376625
52.162.0.72.224,0.09830400347709656
52.162.0.72.232,0.09676800295710564
52.162.0.72.240,0.09728000313043594
52.162.0.72.248,0.09728000313043594
52.162.0.72.256,0.09728000313043594
52.162.0.72.272,0.09523200243711472
52.162.0.72.288,0.09625600278377533
52.162.0.72.304,0.09625600278377533
52.162.0.72.320,0.09523200243711472
52.162.0.72.336,0.09625600278377533
52.162.0.72.352,0.09625600278377533
52.162.0.72.368,0.09523200243711472
52.162.0.72.384,0.09830399975180626
52.162.0.72.416,0.09728000313043594
52.162.0.72.448,0.09779200330376625
52.162.0.72.480,0.09728000313043594
52.162.0.72.512,0.09574400261044502
52.162.0.72.576,0.09728000313043594
52.162.0.72.640,0.09676800295710564
52.162.0.72.704,0.09728000313043594
52.162.0.72.768,0.09574400261044502
52.162.0.72.832,0.09574400261044502
52.162.0.72.896,0.09728000313043594
52.162.0.72.960,0.09728000313043594
52.162.0.72.1024,0.09676800295710564
52.162.0.76.1,0.1080319993197918
52.162.0.76.2,0.09830399975180626
52.162.0.76.4,0.09728000313043594
52.162.0.76.8,0.09676800295710564
52.162.0.76.12,0.09779200330376625
52.162.0.76.16,0.09625600278377533
52.162.0.76.20,0.09625600278377533
52.162.0.76.24,0.09779200330376625
52.162.0.76.28,0.09728000313043594
52.162.0.76.32,0.09676800295710564
52.162.0.76.36,0.09625600278377533
52.162.0.76.40,0.09625600278377533
52.162.0.76.44,0.09625600278377533
52.162.0.76.48,0.09728000313043594
52.162.0.76.52,0.09728000313043594
52.162.0.76.56,0.09472000226378441
52.162.0.76.60,0.09574400261044502
52.162.0.76.64,0.09830399975180626
52.162.0.76.68,0.10393599793314934
52.162.0.76.72,0.09728000313043594
52.162.0.76.76,0.09625600278377533
52.162.0.76.80,0.09625600278377533
52.162.0.76.84,0.09676800295710564
52.162.0.76.88,0.09728000313043594
52.162.0.76.92,0.09523200243711472
52.162.0.76.96,0.09728000313043594
52.162.0.76.100,0.09625600278377533
52.162.0.76.104,0.09472000226378441
52.162.0.76.108,0.09779199957847595
52.162.0.76.112,0.09881599992513657
52.162.0.76.116,0.09523200243711472
52.162.0.76.120,0.09625600278377533
52.162.0.76.124,0.09472000226378441
52.162.0.76.128,0.09625600278377533
52.162.0.76.136,0.09625600278377533
52.162.0.76.144,0.09625600278377533
52.162.0.76.152,0.09676800295710564
52.162.0.76.160,0.09830400347709656
52.162.0.76.168,0.09881599992513657
52.162.0.76.176,0.09830400347709656
52.162.0.76.184,0.09574400261044502
52.162.0.76.192,0.09472000226378441
52.162.0.76.200,0.09779200330376625
52.162.0.76.208,0.09676800295710564
52.162.0.76.216,0.09574400261044502
52.162.0.76.224,0.09779200330376625
52.162.0.76.232,0.09676800295710564
52.162.0.76.240,0.09830400347709656
52.162.0.76.248,0.09574400261044502
52.162.0.76.256,0.09523200243711472
52.162.0.76.272,0.09779200330376625
52.162.0.76.288,0.09830400347709656
52.162.0.76.304,0.09779200330376625
52.162.0.76.320,0.09574400261044502
52.162.0.76.336,0.09676800295710564
52.162.0.76.352,0.09523200243711472
52.162.0.76.368,0.09574400261044502
52.162.0.76.384,0.09728000313043594
52.162.0.76.416,0.0942080020904541
52.162.0.76.448,0.09779200330376625
52.162.0.76.480,0.09625600278377533
52.162.0.76.512,0.09676800295710564
52.162.0.76.576,0.09676800295710564
52.162.0.76.640,0.09523200243711472
52.162.0.76.704,0.09676800295710564
52.162.0.76.768,0.09523200243711472
52.162.0.76.832,0.09932799637317657
52.162.0.76.896,0.09523200243711472
52.162.0.76.960,0.09676800295710564
52.162.0.76.1024,0.09676800295710564
52.162.0.80.1,0.10649599879980087
52.162.0.80.2,0.09830400347709656
52.162.0.80.4,0.09830400347709656
52.162.0.80.8,0.09472000226378441
52.162.0.80.12,0.09983999654650688
52.162.0.80.16,0.09625600278377533
52.162.0.80.20,0.09779199957847595
52.162.0.80.24,0.09625600278377533
52.162.0.80.28,0.09881599992513657
52.162.0.80.32,0.09676800295710564
52.162.0.80.36,0.09779200330376625
52.162.0.80.40,0.09728000313043594
52.162.0.80.44,0.09574400261044502
52.162.0.80.48,0.09779200330376625
52.162.0.80.52,0.09881599992513657
52.162.0.80.56,0.09728000313043594
52.162.0.80.60,0.09728000313043594
52.162.0.80.64,0.09779200330376625
52.162.0.80.68,0.09574400261044502
52.162.0.80.72,0.09779200330376625
52.162.0.80.76,0.09881599992513657
52.162.0.80.80,0.09779200330376625
52.162.0.80.84,0.09676800295710564
52.162.0.80.88,0.09574400261044502
52.162.0.80.92,0.09881599992513657
52.162.0.80.96,0.09830399975180626
52.162.0.80.100,0.09830399975180626
52.162.0.80.104,0.09676800295710564
52.162.0.80.108,0.09574400261044502
52.162.0.80.112,0.0936960019171238
52.162.0.80.116,0.09779200330376625
52.162.0.80.120,0.09728000313043594
52.162.0.80.124,0.09676800295710564
52.162.0.80.128,0.09830399975180626
52.162.0.80.136,0.09676800295710564
52.162.0.80.144,0.09728000313043594
52.162.0.80.152,0.09574400261044502
52.162.0.80.160,0.09625600278377533
52.162.0.80.168,0.09779200330376625
52.162.0.80.176,0.09830400347709656
52.162.0.80.184,0.09676800295710564
52.162.0.80.192,0.09779200330376625
52.162.0.80.200,0.09728000313043594
52.162.0.80.208,0.09523200243711472
52.162.0.80.216,0.09472000226378441
52.162.0.80.224,0.09625600278377533
52.162.0.80.232,0.09625600278377533
52.162.0.80.240,0.09728000313043594
52.162.0.80.248,0.09830399975180626
52.162.0.80.256,0.09779200330376625
52.162.0.80.272,0.09625600278377533
52.162.0.80.288,0.09779200330376625
52.162.0.80.304,0.09779200330376625
52.162.0.80.320,0.09830399975180626
52.162.0.80.336,0.09676800295710564
52.162.0.80.352,0.09779200330376625
52.162.0.80.368,0.09881599992513657
52.162.0.80.384,0.09676800295710564
52.162.0.80.416,0.09881599992513657
52.162.0.80.448,0.09728000313043594
52.162.0.80.480,0.09472000226378441
52.162.0.80.512,0.09676800295710564
52.162.0.80.576,0.09676800295710564
52.162.0.80.640,0.09625600278377533
52.162.0.80.704,0.09676800295710564
52.162.0.80.768,0.09676800295710564
52.162.0.80.832,0.09779200330376625
52.162.0.80.896,0.09625600278377533
52.162.0.80.960,0.09574400261044502
52.162.0.80.1024,0.09779200330376625
52.162.0.84.1,0.10547199845314026
52.162.0.84.2,0.09779200330376625
52.162.0.84.4,0.09881599992513657
52.162.0.84.8,0.09676800295710564
52.162.0.84.12,0.09625600278377533
52.162.0.84.16,0.09728000313043594
52.162.0.84.20,0.09779200330376625
52.162.0.84.24,0.09676800295710564
52.162.0.84.28,0.09625600278377533
52.162.0.84.32,0.09625600278377533
52.162.0.84.36,0.09727999940514565
52.162.0.84.40,0.09830400347709656
52.162.0.84.44,0.09625600278377533
52.162.0.84.48,0.09676800295710564
52.162.0.84.52,0.1008639968931675
52.162.0.84.56,0.09932799637317657
52.162.0.84.60,0.09574400261044502
52.162.0.84.64,0.09728000313043594
52.162.0.84.68,0.09932799637317657
52.162.0.84.72,0.09728000313043594
52.162.0.84.76,0.09779199957847595
52.162.0.84.80,0.09625600278377533
52.162.0.84.84,0.09932799637317657
52.162.0.84.88,0.09676800295710564
52.162.0.84.92,0.09728000313043594
52.162.0.84.96,0.09523200243711472
52.162.0.84.100,0.09932800009846687
52.162.0.84.104,0.09932799637317657
52.162.0.84.108,0.09676800295710564
52.162.0.84.112,0.09625600278377533
52.162.0.84.116,0.09523200243711472
52.162.0.84.120,0.09625600278377533
52.162.0.84.124,0.09728000313043594
52.162.0.84.128,0.09830400347709656
52.162.0.84.136,0.09676800295710564
52.162.0.84.144,0.09523200243711472
52.162.0.84.152,0.09676800295710564
52.162.0.84.160,0.09881599992513657
52.162.0.84.168,0.09728000313043594
52.162.0.84.176,0.09728000313043594
52.162.0.84.184,0.09574400261044502
52.162.0.84.192,0.09779200330376625
52.162.0.84.200,0.09472000226378441
52.162.0.84.208,0.09574400261044502
52.162.0.84.216,0.09676800295710564
52.162.0.84.224,0.09779200330376625
52.162.0.84.232,0.09676800295710564
52.162.0.84.240,0.09830399975180626
52.162.0.84.248,0.09574400261044502
52.162.0.84.256,0.09676800295710564
52.162.0.84.272,0.09625600278377533
52.162.0.84.288,0.09830400347709656
52.162.0.84.304,0.09779200330376625
52.162.0.84.320,0.09932800009846687
52.162.0.84.336,0.09779200330376625
52.162.0.84.352,0.09779200330376625
52.162.0.84.368,0.09779200330376625
52.162.0.84.384,0.09728000313043594
52.162.0.84.416,0.09830400347709656
52.162.0.84.448,0.09830400347709656
52.162.0.84.480,0.09523200243711472
52.162.0.84.512,0.09676800295710564
52.162.0.84.576,0.09728000313043594
52.162.0.84.640,0.09676800295710564
52.162.0.84.704,0.09676800295710564
52.162.0.84.768,0.09676800295710564
52.162.0.84.832,0.09472000226378441
52.162.0.84.896,0.09728000313043594
52.162.0.84.960,0.09676800295710564
52.162.0.84.1024,0.09523200243711472
52.162.0.88.1,0.10547199845314026
52.162.0.88.2,0.09676800295710564
52.162.0.88.4,0.09676800295710564
52.162.0.88.8,0.09779199957847595
52.162.0.88.12,0.09676800295710564
52.162.0.88.16,0.09779199957847595
52.162.0.88.20,0.09881599992513657
52.162.0.88.24,0.09830400347709656
52.162.0.88.28,0.09728000313043594
52.162.0.88.32,0.09779200330376625
52.162.0.88.36,0.09625600278377533
52.162.0.88.40,0.09676800295710564
52.162.0.88.44,0.09728000313043594
52.162.0.88.48,0.09728000313043594
52.162.0.88.52,0.10035199671983719
52.162.0.88.56,0.09830399975180626
52.162.0.88.60,0.09728000313043594
52.162.0.88.64,0.09830400347709656
52.162.0.88.68,0.09574400261044502
52.162.0.88.72,0.09676800295710564
52.162.0.88.76,0.09779200330376625
52.162.0.88.80,0.09728000313043594
52.162.0.88.84,0.09574400261044502
52.162.0.88.88,0.09676800295710564
52.162.0.88.92,0.09625600278377533
52.162.0.88.96,0.09779200330376625
52.162.0.88.100,0.09830399975180626
52.162.0.88.104,0.09574400261044502
52.162.0.88.108,0.09676800295710564
52.162.0.88.112,0.09779200330376625
52.162.0.88.116,0.09779200330376625
52.162.0.88.120,0.09728000313043594
52.162.0.88.124,0.09625600278377533
52.162.0.88.128,0.09779200330376625
52.162.0.88.136,0.09728000313043594
52.162.0.88.144,0.09728000313043594
52.162.0.88.152,0.09676800295710564
52.162.0.88.160,0.09625600278377533
52.162.0.88.168,0.09625600278377533
52.162.0.88.176,0.09830400347709656
52.162.0.88.184,0.09574400261044502
52.162.0.88.192,0.09574400261044502
52.162.0.88.200,0.09625600278377533
52.162.0.88.208,0.09574400261044502
52.162.0.88.216,0.09574400261044502
52.162.0.88.224,0.09728000313043594
52.162.0.88.232,0.09983999654650688
52.162.0.88.240,0.09574400261044502
52.162.0.88.248,0.09523200243711472
52.162.0.88.256,0.09676800295710564
52.162.0.88.272,0.09779200330376625
52.162.0.88.288,0.09574400261044502
52.162.0.88.304,0.09779200330376625
52.162.0.88.320,0.1013759970664978
52.162.0.88.336,0.09676800295710564
52.162.0.88.352,0.09728000313043594
52.162.0.88.368,0.09881599992513657
52.162.0.88.384,0.09728000313043594
52.162.0.88.416,0.09881599992513657
52.162.0.88.448,0.09676800295710564
52.162.0.88.480,0.09472000226378441
52.162.0.88.512,0.0942080020904541
52.162.0.88.576,0.09676800295710564
52.162.0.88.640,0.09625600278377533
52.162.0.88.704,0.09932800009846687
52.162.0.88.768,0.09830399975180626
52.162.0.88.832,0.1008639968931675
52.162.0.88.896,0.09728000313043594
52.162.0.88.960,0.09728000313043594
52.162.0.88.1024,0.09523200243711472
52.162.0.92.1,0.10649599879980087
52.162.0.92.2,0.09523200243711472
52.162.0.92.4,0.09574400261044502
52.162.0.92.8,0.09625600278377533
52.162.0.92.12,0.09676800295710564
52.162.0.92.16,0.09472000226378441
52.162.0.92.20,0.09574400261044502
52.162.0.92.24,0.09676800295710564
52.162.0.92.28,0.09472000226378441
52.162.0.92.32,0.09830399975180626
52.162.0.92.36,0.09625600278377533
52.162.0.92.40,0.09523200243711472
52.162.0.92.44,0.09983999654650688
52.162.0.92.48,0.09676800295710564
52.162.0.92.52,0.09779200330376625
52.162.0.92.56,0.09625600278377533
52.162.0.92.60,0.09625600278377533
52.162.0.92.64,0.09625600278377533
52.162.0.92.68,0.09728000313043594
52.162.0.92.72,0.09523200243711472
52.162.0.92.76,0.09779200330376625
52.162.0.92.80,0.09676800295710564
52.162.0.92.84,0.09676800295710564
52.162.0.92.88,0.09625600278377533
52.162.0.92.92,0.09779200330376625
52.162.0.92.96,0.09676800295710564
52.162.0.92.100,0.09574400261044502
52.162.0.92.104,0.09881599992513657
52.162.0.92.108,0.09728000313043594
52.162.0.92.112,0.09830399975180626
52.162.0.92.116,0.09728000313043594
52.162.0.92.120,0.09676800295710564
52.162.0.92.124,0.09728000313043594
52.162.0.92.128,0.09728000313043594
52.162.0.92.136,0.09830399975180626
52.162.0.92.144,0.09779200330376625
52.162.0.92.152,0.09728000313043594
52.162.0.92.160,0.09932799637317657
52.162.0.92.168,0.09728000313043594
52.162.0.92.176,0.09779200330376625
52.162.0.92.184,0.09676800295710564
52.162.0.92.192,0.09676800295710564
52.162.0.92.200,0.09625600278377533
52.162.0.92.208,0.09625600278377533
52.162.0.92.216,0.09625600278377533
52.162.0.92.224,0.09728000313043594
52.162.0.92.232,0.09881599992513657
52.162.0.92.240,0.09676800295710564
52.162.0.92.248,0.09728000313043594
52.162.0.92.256,0.09728000313043594
52.162.0.92.272,0.09779200330376625
52.162.0.92.288,0.09881599992513657
52.162.0.92.304,0.09574400261044502
52.162.0.92.320,0.09625600278377533
52.162.0.92.336,0.09728000313043594
52.162.0.92.352,0.09728000313043594
52.162.0.92.368,0.09574400261044502
52.162.0.92.384,0.09574400261044502
52.162.0.92.416,0.09625600278377533
52.162.0.92.448,0.09625600278377533
52.162.0.92.480,0.09574400261044502
52.162.0.92.512,0.09728000313043594
52.162.0.92.576,0.09625600278377533
52.162.0.92.640,0.09676800295710564
52.162.0.92.704,0.09625600278377533
52.162.0.92.768,0.09728000313043594
52.162.0.92.832,0.09728000313043594
52.162.0.92.896,0.09472000226378441
52.162.0.92.960,0.09574400261044502
52.162.0.92.1024,0.09574400261044502
52.162.0.96.1,0.10700799897313118
52.162.0.96.2,0.09625600278377533
52.162.0.96.4,0.09779200330376625
52.162.0.96.8,0.09932799637317657
52.162.0.96.12,0.09830399975180626
52.162.0.96.16,0.09830400347709656
52.162.0.96.20,0.09574400261044502
52.162.0.96.24,0.09574400261044502
52.162.0.96.28,0.09728000313043594
52.162.0.96.32,0.09728000313043594
52.162.0.96.36,0.09728000313043594
52.162.0.96.40,0.09779200330376625
52.162.0.96.44,0.09523200243711472
52.162.0.96.48,0.09779200330376625
52.162.0.96.52,0.0942080020904541
52.162.0.96.56,0.09574400261044502
52.162.0.96.60,0.09574400261044502
52.162.0.96.64,0.09523200243711472
52.162.0.96.68,0.09728000313043594
52.162.0.96.72,0.09830400347709656
52.162.0.96.76,0.09574400261044502
52.162.0.96.80,0.09625600278377533
52.162.0.96.84,0.09676800295710564
52.162.0.96.88,0.09727999940514565
52.162.0.96.92,0.09728000313043594
52.162.0.96.96,0.09728000313043594
52.162.0.96.100,0.09676800295710564
52.162.0.96.104,0.09728000313043594
52.162.0.96.108,0.09728000313043594
52.162.0.96.112,0.09728000313043594
52.162.0.96.116,0.09625600278377533
52.162.0.96.120,0.09779200330376625
52.162.0.96.124,0.09779200330376625
52.162.0.96.128,0.09728000313043594
52.162.0.96.136,0.09779200330376625
52.162.0.96.144,0.09728000313043594
52.162.0.96.152,0.09676800295710564
52.162.0.96.160,0.09728000313043594
52.162.0.96.168,0.09625600278377533
52.162.0.96.176,0.09728000313043594
52.162.0.96.184,0.09728000313043594
52.162.0.96.192,0.09728000313043594
52.162.0.96.200,0.09728000313043594
52.162.0.96.208,0.09676800295710564
52.162.0.96.216,0.09881599992513657
52.162.0.96.224,0.09881599992513657
52.162.0.96.232,0.10035199671983719
52.162.0.96.240,0.09574400261044502
52.162.0.96.248,0.09779200330376625
52.162.0.96.256,0.09676800295710564
52.162.0.96.272,0.09728000313043594
52.162.0.96.288,0.09728000313043594
52.162.0.96.304,0.09881599992513657
52.162.0.96.320,0.09625600278377533
52.162.0.96.336,0.09881599992513657
52.162.0.96.352,0.09625600278377533
52.162.0.96.368,0.09779200330376625
52.162.0.96.384,0.09830399975180626
52.162.0.96.416,0.09574400261044502
52.162.0.96.448,0.09728000313043594
52.162.0.96.480,0.09830400347709656
52.162.0.96.512,0.09728000313043594
52.162.0.96.576,0.09625600278377533
52.162.0.96.640,0.09625600278377533
52.162.0.96.704,0.09728000313043594
52.162.0.96.768,0.09523200243711472
52.162.0.96.832,0.09625600278377533
52.162.0.96.896,0.09728000313043594
52.162.0.96.960,0.09983999654650688
52.162.0.96.1024,0.09728000313043594
52.162.0.100.1,0.1085439994931221
52.162.0.100.2,0.09728000313043594
52.162.0.100.4,0.09625600278377533
52.162.0.100.8,0.09779200330376625
52.162.0.100.12,0.09676800295710564
52.162.0.100.16,0.09523200243711472
52.162.0.100.20,0.09779200330376625
52.162.0.100.24,0.09676800295710564
52.162.0.100.28,0.09779200330376625
52.162.0.100.32,0.09728000313043594
52.162.0.100.36,0.09728000313043594
52.162.0.100.40,0.09728000313043594
52.162.0.100.44,0.09728000313043594
52.162.0.100.48,0.09779200330376625
52.162.0.100.52,0.09523200243711472
52.162.0.100.56,0.10035199671983719
52.162.0.100.60,0.09574400261044502
52.162.0.100.64,0.09625600278377533
52.162.0.100.68,0.09676800295710564
52.162.0.100.72,0.09779199957847595
52.162.0.100.76,0.09728000313043594
52.162.0.100.80,0.09830400347709656
52.162.0.100.84,0.09830400347709656
52.162.0.100.88,0.09932799637317657
52.162.0.100.92,0.09779200330376625
52.162.0.100.96,0.09625600278377533
52.162.0.100.100,0.09932800009846687
52.162.0.100.104,0.09728000313043594
52.162.0.100.108,0.09574400261044502
52.162.0.100.112,0.09625600278377533
52.162.0.100.116,0.09676800295710564
52.162.0.100.120,0.09728000313043594
52.162.0.100.124,0.09728000313043594
52.162.0.100.128,0.09932799637317657
52.162.0.100.136,0.09779200330376625
52.162.0.100.144,0.09625600278377533
52.162.0.100.152,0.09932799637317657
52.162.0.100.160,0.09676800295710564
52.162.0.100.168,0.09830400347709656
52.162.0.100.176,0.09728000313043594
52.162.0.100.184,0.09728000313043594
52.162.0.100.192,0.09676800295710564
52.162.0.100.200,0.09779200330376625
52.162.0.100.208,0.09676800295710564
52.162.0.100.216,0.09676800295710564
52.162.0.100.224,0.09728000313043594
52.162.0.100.232,0.0942080020904541
52.162.0.100.240,0.09676800295710564
52.162.0.100.248,0.09728000313043594
52.162.0.100.256,0.09881599992513657
52.162.0.100.272,0.09779200330376625
52.162.0.100.288,0.09830400347709656
52.162.0.100.304,0.09881599992513657
52.162.0.100.320,0.09523200243711472
52.162.0.100.336,0.09676800295710564
52.162.0.100.352,0.09932800009846687
52.162.0.100.368,0.09574400261044502
52.162.0.100.384,0.09523200243711472
52.162.0.100.416,0.09728000313043594
52.162.0.100.448,0.09676800295710564
52.162.0.100.480,0.09523200243711472
52.162.0.100.512,0.09728000313043594
52.162.0.100.576,0.09881599992513657
52.162.0.100.640,0.09625600278377533
52.162.0.100.704,0.09472000226378441
52.162.0.100.768,0.09728000313043594
52.162.0.100.832,0.09523200243711472
52.162.0.100.896,0.09779200330376625
52.162.0.100.960,0.09625600278377533
52.162.0.100.1024,0.09574400261044502
52.162.0.104.1,0.10547199845314026
52.162.0.104.2,0.09676800295710564
52.162.0.104.4,0.09932800009846687
52.162.0.104.8,0.09523200243711472
52.162.0.104.12,0.09932799637317657
52.162.0.104.16,0.09728000313043594
52.162.0.104.20,0.09779200330376625
52.162.0.104.24,0.09728000313043594
52.162.0.104.28,0.09676800295710564
52.162.0.104.32,0.09676800295710564
52.162.0.104.36,0.09881599992513657
52.162.0.104.40,0.09472000226378441
52.162.0.104.44,0.09676800295710564
52.162.0.104.48,0.09676800295710564
52.162.0.104.52,0.09830399975180626
52.162.0.104.56,0.09625600278377533
52.162.0.104.60,0.09523200243711472
52.162.0.104.64,0.09728000313043594
52.162.0.104.68,0.09728000313043594
52.162.0.104.72,0.09779200330376625
52.162.0.104.76,0.09523200243711472
52.162.0.104.80,0.09625600278377533
52.162.0.104.84,0.09574400261044502
52.162.0.104.88,0.09523200243711472
52.162.0.104.92,0.09676800295710564
52.162.0.104.96,0.09932799637317657
52.162.0.104.100,0.09728000313043594
52.162.0.104.104,0.09779200330376625
52.162.0.104.108,0.09574400261044502
52.162.0.104.112,0.09830400347709656
52.162.0.104.116,0.09625600278377533
52.162.0.104.120,0.09523200243711472
52.162.0.104.124,0.09625600278377533
52.162.0.104.128,0.09932800009846687
52.162.0.104.136,0.09676800295710564
52.162.0.104.144,0.09830400347709656
52.162.0.104.152,0.09676800295710564
52.162.0.104.160,0.09523200243711472
52.162.0.104.168,0.09779200330376625
52.162.0.104.176,0.09779200330376625
52.162.0.104.184,0.09779200330376625
52.162.0.104.192,0.09676800295710564
52.162.0.104.200,0.09625600278377533
52.162.0.104.208,0.09830400347709656
52.162.0.104.216,0.09625600278377533
52.162.0.104.224,0.09625600278377533
52.162.0.104.232,0.09523200243711472
52.162.0.104.240,0.09728000313043594
52.162.0.104.248,0.09779200330376625
52.162.0.104.256,0.09728000313043594
52.162.0.104.272,0.09574400261044502
52.162.0.104.288,0.09625600278377533
52.162.0.104.304,0.09830400347709656
52.162.0.104.320,0.09625600278377533
52.162.0.104.336,0.09728000313043594
52.162.0.104.352,0.09728000313043594
52.162.0.104.368,0.09676800295710564
52.162.0.104.384,0.09676800295710564
52.162.0.104.416,0.09676800295710564
52.162.0.104.448,0.09676800295710564
52.162.0.104.480,0.09574400261044502
52.162.0.104.512,0.09779200330376625
52.162.0.104.576,0.09676800295710564
52.162.0.104.640,0.09676800295710564
52.162.0.104.704,0.09523200243711472
52.162.0.104.768,0.09625600278377533
52.162.0.104.832,0.09625600278377533
52.162.0.104.896,0.09779200330376625
52.162.0.104.960,0.09676800295710564
52.162.0.104.1024,0.09472000226378441
52.162.0.108.1,0.10700799897313118
52.162.0.108.2,0.09676800295710564
52.162.0.108.4,0.09728000313043594
52.162.0.108.8,0.09779200330376625
52.162.0.108.12,0.09728000313043594
52.162.0.108.16,0.09574400261044502
52.162.0.108.20,0.09625600278377533
52.162.0.108.24,0.09625600278377533
52.162.0.108.28,0.09779200330376625
52.162.0.108.32,0.09625600278377533
52.162.0.108.36,0.09881599992513657
52.162.0.108.40,0.09779200330376625
52.162.0.108.44,0.09779200330376625
52.162.0.108.48,0.09574400261044502
52.162.0.108.52,0.09728000313043594
52.162.0.108.56,0.09676800295710564
52.162.0.108.60,0.09523200243711472
52.162.0.108.64,0.09676800295710564
52.162.0.108.68,0.09728000313043594
52.162.0.108.72,0.09830400347709656
52.162.0.108.76,0.09779200330376625
52.162.0.108.80,0.09779200330376625
52.162.0.108.84,0.09574400261044502
52.162.0.108.88,0.09676800295710564
52.162.0.108.92,0.09676800295710564
52.162.0.108.96,0.09728000313043594
52.162.0.108.100,0.09676800295710564
52.162.0.108.104,0.09779200330376625
52.162.0.108.108,0.09830400347709656
52.162.0.108.112,0.09779200330376625
52.162.0.108.116,0.09932799637317657
52.162.0.108.120,0.09728000313043594
52.162.0.108.124,0.09676800295710564
52.162.0.108.128,0.09574400261044502
52.162.0.108.136,0.09625600278377533
52.162.0.108.144,0.09830400347709656
52.162.0.108.152,0.09676800295710564
52.162.0.108.160,0.09676800295710564
52.162.0.108.168,0.09779200330376625
52.162.0.108.176,0.09625600278377533
52.162.0.108.184,0.09830400347709656
52.162.0.108.192,0.09523200243711472
52.162.0.108.200,0.09728000313043594
52.162.0.108.208,0.09625600278377533
52.162.0.108.216,0.09676800295710564
52.162.0.108.224,0.09574400261044502
52.162.0.108.232,0.09728000313043594
52.162.0.108.240,0.09676800295710564
52.162.0.108.248,0.09574400261044502
52.162.0.108.256,0.09728000313043594
52.162.0.108.272,0.09472000226378441
52.162.0.108.288,0.09830400347709656
52.162.0.108.304,0.09830400347709656
52.162.0.108.320,0.09779200330376625
52.162.0.108.336,0.09625600278377533
52.162.0.108.352,0.09779199957847595
52.162.0.108.368,0.09625600278377533
52.162.0.108.384,0.09625600278377533
52.162.0.108.416,0.09625600278377533
52.162.0.108.448,0.09779200330376625
52.162.0.108.480,0.09728000313043594
52.162.0.108.512,0.09523200243711472
52.162.0.108.576,0.09728000313043594
52.162.0.108.640,0.09728000313043594
52.162.0.108.704,0.09523200243711472
52.162.0.108.768,0.09523200243711472
52.162.0.108.832,0.09625600278377533
52.162.0.108.896,0.09625600278377533
52.162.0.108.960,0.09830399975180626
52.162.0.108.1024,0.09523200243711472
52.162.0.112.1,0.10700799897313118
52.162.0.112.2,0.09625600278377533
52.162.0.112.4,0.09728000313043594
52.162.0.112.8,0.09830400347709656
52.162.0.112.12,0.09779200330376625
52.162.0.112.16,0.09676800295710564
52.162.0.112.20,0.09625600278377533
52.162.0.112.24,0.09728000313043594
52.162.0.112.28,0.09830399975180626
52.162.0.112.32,0.09472000226378441
52.162.0.112.36,0.09881599992513657
52.162.0.112.40,0.09676800295710564
52.162.0.112.44,0.09574400261044502
52.162.0.112.48,0.09523200243711472
52.162.0.112.52,0.09472000226378441
52.162.0.112.56,0.09728000313043594
52.162.0.112.60,0.09625600278377533
52.162.0.112.64,0.09728000313043594
52.162.0.112.68,0.09523200243711472
52.162.0.112.72,0.09728000313043594
52.162.0.112.76,0.09625600278377533
52.162.0.112.80,0.09625600278377533
52.162.0.112.84,0.09625600278377533
52.162.0.112.88,0.09779200330376625
52.162.0.112.92,0.09523200243711472
52.162.0.112.96,0.09779200330376625
52.162.0.112.100,0.09728000313043594
52.162.0.112.104,0.09676800295710564
52.162.0.112.108,0.09625600278377533
52.162.0.112.112,0.09932800009846687
52.162.0.112.116,0.09625600278377533
52.162.0.112.120,0.09830399975180626
52.162.0.112.124,0.09728000313043594
52.162.0.112.128,0.09676800295710564
52.162.0.112.136,0.09830399975180626
52.162.0.112.144,0.09728000313043594
52.162.0.112.152,0.09676800295710564
52.162.0.112.160,0.09932799637317657
52.162.0.112.168,0.09728000313043594
52.162.0.112.176,0.09625600278377533
52.162.0.112.184,0.09779200330376625
52.162.0.112.192,0.09676800295710564
52.162.0.112.200,0.09728000313043594
52.162.0.112.208,0.09728000313043594
52.162.0.112.216,0.09676800295710564
52.162.0.112.224,0.09881599992513657
52.162.0.112.232,0.09779200330376625
52.162.0.112.240,0.09676800295710564
52.162.0.112.248,0.09779200330376625
52.162.0.112.256,0.09625600278377533
52.162.0.112.272,0.09523200243711472
52.162.0.112.288,0.09676800295710564
52.162.0.112.304,0.09625600278377533
52.162.0.112.320,0.09676800295710564
52.162.0.112.336,0.09625600278377533
52.162.0.112.352,0.09574400261044502
52.162.0.112.368,0.09574400261044502
52.162.0.112.384,0.09830399975180626
52.162.0.112.416,0.09625600278377533
52.162.0.112.448,0.09728000313043594
52.162.0.112.480,0.09728000313043594
52.162.0.112.512,0.09676800295710564
52.162.0.112.576,0.09728000313043594
52.162.0.112.640,0.09472000226378441
52.162.0.112.704,0.09779200330376625
52.162.0.112.768,0.09728000313043594
52.162.0.112.832,0.09830400347709656
52.162.0.112.896,0.09932799637317657
52.162.0.112.960,0.09728000313043594
52.162.0.112.1024,0.0936960019171238
52.162.0.116.1,0.10444799810647964
52.162.0.116.2,0.09676800295710564
52.162.0.116.4,0.09574400261044502
52.162.0.116.8,0.09625600278377533
52.162.0.116.12,0.09574400261044502
52.162.0.116.16,0.09625600278377533
52.162.0.116.20,0.09523200243711472
52.162.0.116.24,0.09728000313043594
52.162.0.116.28,0.09472000226378441
52.162.0.116.32,0.09574400261044502
52.162.0.116.36,0.09676800295710564
52.162.0.116.40,0.09523200243711472
52.162.0.116.44,0.09676800295710564
52.162.0.116.48,0.09830400347709656
52.162.0.116.52,0.09574400261044502
52.162.0.116.56,0.09676800295710564
52.162.0.116.60,0.09932799637317657
52.162.0.116.64,0.09728000313043594
52.162.0.116.68,0.09932800009846687
52.162.0.116.72,0.09625600278377533
52.162.0.116.76,0.09728000313043594
52.162.0.116.80,0.09625600278377533
52.162.0.116.84,0.09523200243711472
52.162.0.116.88,0.09728000313043594
52.162.0.116.92,0.09676800295710564
52.162.0.116.96,0.09676800295710564
52.162.0.116.100,0.09984000027179718
52.162.0.116.104,0.09728000313043594
52.162.0.116.108,0.09830400347709656
52.162.0.116.112,0.09574400261044502
52.162.0.116.116,0.09472000226378441
52.162.0.116.120,0.09523200243711472
52.162.0.116.124,0.09676800295710564
52.162.0.116.128,0.09728000313043594
52.162.0.116.136,0.09728000313043594
52.162.0.116.144,0.09676800295710564
52.162.0.116.152,0.09574400261044502
52.162.0.116.160,0.09574400261044502
52.162.0.116.168,0.09881599992513657
52.162.0.116.176,0.09728000313043594
52.162.0.116.184,0.09574400261044502
52.162.0.116.192,0.09676800295710564
52.162.0.116.200,0.09574400261044502
52.162.0.116.208,0.09625600278377533
52.162.0.116.216,0.09728000313043594
52.162.0.116.224,0.09472000226378441
52.162.0.116.232,0.09625600278377533
52.162.0.116.240,0.09779200330376625
52.162.0.116.248,0.09830399975180626
52.162.0.116.256,0.09472000226378441
52.162.0.116.272,0.09728000313043594
52.162.0.116.288,0.09779200330376625
52.162.0.116.304,0.09728000313043594
52.162.0.116.320,0.09625600278377533
52.162.0.116.336,0.09574400261044502
52.162.0.116.352,0.09728000313043594
52.162.0.116.368,0.09676800295710564
52.162.0.116.384,0.09728000313043594
52.162.0.116.416,0.09574400261044502
52.162.0.116.448,0.09676800295710564
52.162.0.116.480,0.09625600278377533
52.162.0.116.512,0.09779200330376625
52.162.0.116.576,0.09523200243711472
52.162.0.116.640,0.09523200243711472
52.162.0.116.704,0.09625600278377533
52.162.0.116.768,0.09779200330376625
52.162.0.116.832,0.09625600278377533
52.162.0.116.896,0.09625600278377533
52.162.0.116.960,0.09830400347709656
52.162.0.116.1024,0.09523200243711472
52.162.0.120.1,0.11008000001311302
52.162.0.120.2,0.09728000313043594
52.162.0.120.4,0.09779200330376625
52.162.0.120.8,0.09728000313043594
52.162.0.120.12,0.09779200330376625
52.162.0.120.16,0.09728000313043594
52.162.0.120.20,0.09728000313043594
52.162.0.120.24,0.09830400347709656
52.162.0.120.28,0.09625600278377533
52.162.0.120.32,0.09728000313043594
52.162.0.120.36,0.09523200243711472
52.162.0.120.40,0.09676800295710564
52.162.0.120.44,0.09574400261044502
52.162.0.120.48,0.09932800009846687
52.162.0.120.52,0.09676800295710564
52.162.0.120.56,0.09728000313043594
52.162.0.120.60,0.09523200243711472
52.162.0.120.64,0.09523200243711472
52.162.0.120.68,0.09881599992513657
52.162.0.120.72,0.09830400347709656
52.162.0.120.76,0.09779200330376625
52.162.0.120.80,0.09574400261044502
52.162.0.120.84,0.09728000313043594
52.162.0.120.88,0.09830399975180626
52.162.0.120.92,0.09574400261044502
52.162.0.120.96,0.09625600278377533
52.162.0.120.100,0.09779200330376625
52.162.0.120.104,0.09728000313043594
52.162.0.120.108,0.09830399975180626
52.162.0.120.112,0.09676800295710564
52.162.0.120.116,0.09676800295710564
52.162.0.120.120,0.09676800295710564
52.162.0.120.124,0.09881599992513657
52.162.0.120.128,0.09676800295710564
52.162.0.120.136,0.09574400261044502
52.162.0.120.144,0.09830399975180626
52.162.0.120.152,0.09830400347709656
52.162.0.120.160,0.09676800295710564
52.162.0.120.168,0.09779200330376625
52.162.0.120.176,0.09830400347709656
52.162.0.120.184,0.09625600278377533
52.162.0.120.192,0.09676800295710564
52.162.0.120.200,0.09779200330376625
52.162.0.120.208,0.09574400261044502
52.162.0.120.216,0.09830400347709656
52.162.0.120.224,0.09523200243711472
52.162.0.120.232,0.09830400347709656
52.162.0.120.240,0.09574400261044502
52.162.0.120.248,0.09676800295710564
52.162.0.120.256,0.09779200330376625
52.162.0.120.272,0.09830400347709656
52.162.0.120.288,0.09728000313043594
52.162.0.120.304,0.09728000313043594
52.162.0.120.320,0.09472000226378441
52.162.0.120.336,0.09728000313043594
52.162.0.120.352,0.09625600278377533
52.162.0.120.368,0.09728000313043594
52.162.0.120.384,0.09472000226378441
52.162.0.120.416,0.09728000313043594
52.162.0.120.448,0.09523200243711472
52.162.0.120.480,0.09523200243711472
52.162.0.120.512,0.09830400347709656
52.162.0.120.576,0.09472000226378441
52.162.0.120.640,0.09779200330376625
52.162.0.120.704,0.09728000313043594
52.162.0.120.768,0.09728000313043594
52.162.0.120.832,0.09728000313043594
52.162.0.120.896,0.09676800295710564
52.162.0.120.960,0.09779200330376625
52.162.0.120.1024,0.09574400261044502
52.162.0.124.1,0.1085439994931221
52.162.0.124.2,0.09676800295710564
52.162.0.124.4,0.09728000313043594
52.162.0.124.8,0.09676800295710564
52.162.0.124.12,0.09728000313043594
52.162.0.124.16,0.09676800295710564
52.162.0.124.20,0.09676800295710564
52.162.0.124.24,0.09625600278377533
52.162.0.124.28,0.09676800295710564
52.162.0.124.32,0.09676800295710564
52.162.0.124.36,0.09779200330376625
52.162.0.124.40,0.09779200330376625
52.162.0.124.44,0.09830399975180626
52.162.0.124.48,0.09830399975180626
52.162.0.124.52,0.09830400347709656
52.162.0.124.56,0.09523200243711472
52.162.0.124.60,0.09728000313043594
52.162.0.124.64,0.09728000313043594
52.162.0.124.68,0.09625600278377533
52.162.0.124.72,0.09574400261044502
52.162.0.124.76,0.09830400347709656
52.162.0.124.80,0.09728000313043594
52.162.0.124.84,0.09728000313043594
52.162.0.124.88,0.09830399975180626
52.162.0.124.92,0.09728000313043594
52.162.0.124.96,0.09881599992513657
52.162.0.124.100,0.09728000313043594
52.162.0.124.104,0.09523200243711472
52.162.0.124.108,0.09932799637317657
52.162.0.124.112,0.09779200330376625
52.162.0.124.116,0.09676800295710564
52.162.0.124.120,0.09625600278377533
52.162.0.124.124,0.09728000313043594
52.162.0.124.128,0.09676800295710564
52.162.0.124.136,0.09472000226378441
52.162.0.124.144,0.09625600278377533
52.162.0.124.152,0.09676800295710564
52.162.0.124.160,0.09574400261044502
52.162.0.124.168,0.09625600278377533
52.162.0.124.176,0.09830400347709656
52.162.0.124.184,0.09728000313043594
52.162.0.124.192,0.09625600278377533
52.162.0.124.200,0.09574400261044502
52.162.0.124.208,0.09830400347709656
52.162.0.124.216,0.09728000313043594
52.162.0.124.224,0.09830400347709656
52.162.0.124.232,0.09881599992513657
52.162.0.124.240,0.09779200330376625
52.162.0.124.248,0.09830400347709656
52.162.0.124.256,0.09932799637317657
52.162.0.124.272,0.09523200243711472
52.162.0.124.288,0.09779200330376625
52.162.0.124.304,0.09523200243711472
52.162.0.124.320,0.09676800295710564
52.162.0.124.336,0.09574400261044502
52.162.0.124.352,0.09625600278377533
52.162.0.124.368,0.09932800009846687
52.162.0.124.384,0.09779200330376625
52.162.0.124.416,0.09523200243711472
52.162.0.124.448,0.09574400261044502
52.162.0.124.480,0.09728000313043594
52.162.0.124.512,0.09472000226378441
52.162.0.124.576,0.09676800295710564
52.162.0.124.640,0.09676800295710564
52.162.0.124.704,0.09676800295710564
52.162.0.124.768,0.09728000313043594
52.162.0.124.832,0.09830399975180626
52.162.0.124.896,0.09625600278377533
52.162.0.124.960,0.09830399975180626
52.162.0.124.1024,0.09983999654650688
52.162.0.128.1,0.10700799897313118
52.162.0.128.2,0.09472000226378441
52.162.0.128.4,0.09472000226378441
52.162.0.128.8,0.09932799637317657
52.162.0.128.12,0.09728000313043594
52.162.0.128.16,0.09881599992513657
52.162.0.128.20,0.09728000313043594
52.162.0.128.24,0.09574400261044502
52.162.0.128.28,0.09830399975180626
52.162.0.128.32,0.09881599992513657
52.162.0.128.36,0.09779200330376625
52.162.0.128.40,0.09676800295710564
52.162.0.128.44,0.09676800295710564
52.162.0.128.48,0.09676800295710564
52.162.0.128.52,0.09728000313043594
52.162.0.128.56,0.10035199671983719
52.162.0.128.60,0.09625600278377533
52.162.0.128.64,0.09830400347709656
52.162.0.128.68,0.09932799637317657
52.162.0.128.72,0.09728000313043594
52.162.0.128.76,0.09728000313043594
52.162.0.128.80,0.09676800295710564
52.162.0.128.84,0.09779200330376625
52.162.0.128.88,0.09625600278377533
52.162.0.128.92,0.09676800295710564
52.162.0.128.96,0.09574400261044502
52.162.0.128.100,0.09983999654650688
52.162.0.128.104,0.09523200243711472
52.162.0.128.108,0.09728000313043594
52.162.0.128.112,0.09728000313043594
52.162.0.128.116,0.09881599992513657
52.162.0.128.120,0.09932799637317657
52.162.0.128.124,0.09676800295710564
52.162.0.128.128,0.09625600278377533
52.162.0.128.136,0.09728000313043594
52.162.0.128.144,0.09779200330376625
52.162.0.128.152,0.09779200330376625
52.162.0.128.160,0.09728000313043594
52.162.0.128.168,0.09728000313043594
52.162.0.128.176,0.09932799637317657
52.162.0.128.184,0.09779200330376625
52.162.0.128.192,0.09728000313043594
52.162.0.128.200,0.09625600278377533
52.162.0.128.208,0.09574400261044502
52.162.0.128.216,0.09625600278377533
52.162.0.128.224,0.09830400347709656
52.162.0.128.232,0.09779200330376625
52.162.0.128.240,0.09523200243711472
52.162.0.128.248,0.09676800295710564
52.162.0.128.256,0.09676800295710564
52.162.0.128.272,0.09574400261044502
52.162.0.128.288,0.09676800295710564
52.162.0.128.304,0.0942080020904541
52.162.0.128.320,0.09779200330376625
52.162.0.128.336,0.09574400261044502
52.162.0.128.352,0.09881599992513657
52.162.0.128.368,0.1013759970664978
52.162.0.128.384,0.0942080020904541
52.162.0.128.416,0.09574400261044502
52.162.0.128.448,0.09676800295710564
52.162.0.128.480,0.09881599992513657
52.162.0.128.512,0.09830400347709656
52.162.0.128.576,0.09574400261044502
52.162.0.128.640,0.09574400261044502
52.162.0.128.704,0.09984000027179718
52.162.0.128.768,0.09830399975180626
52.162.0.128.832,0.09676800295710564
52.162.0.128.896,0.09830399975180626
52.162.0.128.960,0.09779200330376625
52.162.0.128.1024,0.09830400347709656
52.162.0.136.1,0.10444799810647964
52.162.0.136.2,0.09676800295710564
52.162.0.136.4,0.09574400261044502
52.162.0.136.8,0.09574400261044502
52.162.0.136.12,0.09830400347709656
52.162.0.136.16,0.09881599992513657
52.162.0.136.20,0.09881599992513657
52.162.0.136.24,0.09676800295710564
52.162.0.136.28,0.09881599992513657
52.162.0.136.32,0.09728000313043594
52.162.0.136.36,0.09728000313043594
52.162.0.136.40,0.09779200330376625
52.162.0.136.44,0.09676800295710564
52.162.0.136.48,0.09625600278377533
52.162.0.136.52,0.09830400347709656
52.162.0.136.56,0.09625600278377533
52.162.0.136.60,0.09574400261044502
52.162.0.136.64,0.09676800295710564
52.162.0.136.68,0.09881599992513657
52.162.0.136.72,0.09574400261044502
52.162.0.136.76,0.09728000313043594
52.162.0.136.80,0.09830399975180626
52.162.0.136.84,0.09728000313043594
52.162.0.136.88,0.09881599992513657
52.162.0.136.92,0.09676800295710564
52.162.0.136.96,0.09881599992513657
52.162.0.136.100,0.09472000226378441
52.162.0.136.104,0.09728000313043594
52.162.0.136.108,0.09625600278377533
52.162.0.136.112,0.09830400347709656
52.162.0.136.116,0.09728000313043594
52.162.0.136.120,0.09881599992513657
52.162.0.136.124,0.09830399975180626
52.162.0.136.128,0.09830400347709656
52.162.0.136.136,0.09728000313043594
52.162.0.136.144,0.09728000313043594
52.162.0.136.152,0.09881599992513657
52.162.0.136.160,0.09574400261044502
52.162.0.136.168,0.09830400347709656
52.162.0.136.176,0.09728000313043594
52.162.0.136.184,0.09574400261044502
52.162.0.136.192,0.09728000313043594
52.162.0.136.200,0.09779200330376625
52.162.0.136.208,0.09779200330376625
52.162.0.136.216,0.09779200330376625
52.162.0.136.224,0.09728000313043594
52.162.0.136.232,0.09728000313043594
52.162.0.136.240,0.09727999940514565
52.162.0.136.248,0.09779200330376625
52.162.0.136.256,0.09881599992513657
52.162.0.136.272,0.09523200243711472
52.162.0.136.288,0.09625600278377533
52.162.0.136.304,0.09728000313043594
52.162.0.136.320,0.09779200330376625
52.162.0.136.336,0.09574400261044502
52.162.0.136.352,0.09523200243711472
52.162.0.136.368,0.09779200330376625
52.162.0.136.384,0.09625600278377533
52.162.0.136.416,0.09830399975180626
52.162.0.136.448,0.09574400261044502
52.162.0.136.480,0.09676800295710564
52.162.0.136.512,0.09625600278377533
52.162.0.136.576,0.09574400261044502
52.162.0.136.640,0.09676800295710564
52.162.0.136.704,0.09625600278377533
52.162.0.136.768,0.1013759970664978
52.162.0.136.832,0.0942080020904541
52.162.0.136.896,0.09728000313043594
52.162.0.136.960,0.09625600278377533
52.162.0.136.1024,0.09881599992513657
52.162.0.144.1,0.10751999914646149
52.162.0.144.2,0.09779199957847595
52.162.0.144.4,0.09523200243711472
52.162.0.144.8,0.09472000226378441
52.162.0.144.12,0.09728000313043594
52.162.0.144.16,0.09625600278377533
52.162.0.144.20,0.09676800295710564
52.162.0.144.24,0.09830399975180626
52.162.0.144.28,0.09574400261044502
52.162.0.144.32,0.09625600278377533
52.162.0.144.36,0.09728000313043594
52.162.0.144.40,0.09523200243711472
52.162.0.144.44,0.09881599992513657
52.162.0.144.48,0.09728000313043594
52.162.0.144.52,0.09779200330376625
52.162.0.144.56,0.09728000313043594
52.162.0.144.60,0.09574400261044502
52.162.0.144.64,0.09728000313043594
52.162.0.144.68,0.09830400347709656
52.162.0.144.72,0.09881599992513657
52.162.0.144.76,0.09728000313043594
52.162.0.144.80,0.09830399975180626
52.162.0.144.84,0.09676800295710564
52.162.0.144.88,0.09523200243711472
52.162.0.144.92,0.09779200330376625
52.162.0.144.96,0.09881599992513657
52.162.0.144.100,0.09625600278377533
52.162.0.144.104,0.09574400261044502
52.162.0.144.108,0.09676800295710564
52.162.0.144.112,0.09728000313043594
52.162.0.144.116,0.09676800295710564
52.162.0.144.120,0.09676800295710564
52.162.0.144.124,0.09523200243711472
52.162.0.144.128,0.09830400347709656
52.162.0.144.136,0.09983999654650688
52.162.0.144.144,0.09932799637317657
52.162.0.144.152,0.09779200330376625
52.162.0.144.160,0.09779200330376625
52.162.0.144.168,0.09472000226378441
52.162.0.144.176,0.09984000027179718
52.162.0.144.184,0.09676800295710564
52.162.0.144.192,0.09830400347709656
52.162.0.144.200,0.09728000313043594
52.162.0.144.208,0.09881599992513657
52.162.0.144.216,0.09881599992513657
52.162.0.144.224,0.09625600278377533
52.162.0.144.232,0.09472000226378441
52.162.0.144.240,0.09676800295710564
52.162.0.144.248,0.09574400261044502
52.162.0.144.256,0.09830399975180626
52.162.0.144.272,0.09523200243711472
52.162.0.144.288,0.09728000313043594
52.162.0.144.304,0.09625600278377533
52.162.0.144.320,0.09728000313043594
52.162.0.144.336,0.09728000313043594
52.162.0.144.352,0.09728000313043594
52.162.0.144.368,0.09625600278377533
52.162.0.144.384,0.09728000313043594
52.162.0.144.416,0.09932800009846687
52.162.0.144.448,0.0942080020904541
52.162.0.144.480,0.09574400261044502
52.162.0.144.512,0.09728000313043594
52.162.0.144.576,0.09676800295710564
52.162.0.144.640,0.09676800295710564
52.162.0.144.704,0.09830400347709656
52.162.0.144.768,0.09728000313043594
52.162.0.144.832,0.09932800009846687
52.162.0.144.896,0.09523200243711472
52.162.0.144.960,0.09472000226378441
52.162.0.144.1024,0.09625600278377533
52.162.0.152.1,0.10700799897313118
52.162.0.152.2,0.09728000313043594
52.162.0.152.4,0.09830399975180626
52.162.0.152.8,0.09830400347709656
52.162.0.152.12,0.09779200330376625
52.162.0.152.16,0.09676800295710564
52.162.0.152.20,0.09523200243711472
52.162.0.152.24,0.09728000313043594
52.162.0.152.28,0.09523200243711472
52.162.0.152.32,0.09625600278377533
52.162.0.152.36,0.09728000313043594
52.162.0.152.40,0.09728000313043594
52.162.0.152.44,0.09676800295710564
52.162.0.152.48,0.09625600278377533
52.162.0.152.52,0.09676800295710564
52.162.0.152.56,0.09830399975180626
52.162.0.152.60,0.09830399975180626
52.162.0.152.64,0.09830399975180626
52.162.0.152.68,0.09779200330376625
52.162.0.152.72,0.09779200330376625
52.162.0.152.76,0.09728000313043594
52.162.0.152.80,0.09728000313043594
52.162.0.152.84,0.09779200330376625
52.162.0.152.88,0.09728000313043594
52.162.0.152.92,0.09779200330376625
52.162.0.152.96,0.09574400261044502
52.162.0.152.100,0.09625600278377533
52.162.0.152.104,0.09625600278377533
52.162.0.152.108,0.09523200243711472
52.162.0.152.112,0.09625600278377533
52.162.0.152.116,0.09625600278377533
52.162.0.152.120,0.09881599992513657
52.162.0.152.124,0.09625600278377533
52.162.0.152.128,0.09779200330376625
52.162.0.152.136,0.09728000313043594
52.162.0.152.144,0.09779200330376625
52.162.0.152.152,0.09728000313043594
52.162.0.152.160,0.09728000313043594
52.162.0.152.168,0.09830399975180626
52.162.0.152.176,0.09676800295710564
52.162.0.152.184,0.09728000313043594
52.162.0.152.192,0.09676800295710564
52.162.0.152.200,0.09779200330376625
52.162.0.152.208,0.09779200330376625
52.162.0.152.216,0.09625600278377533
52.162.0.152.224,0.09523200243711472
52.162.0.152.232,0.09676800295710564
52.162.0.152.240,0.09574400261044502
52.162.0.152.248,0.09523200243711472
52.162.0.152.256,0.09881599992513657
52.162.0.152.272,0.09676800295710564
52.162.0.152.288,0.09676800295710564
52.162.0.152.304,0.09625600278377533
52.162.0.152.320,0.09523200243711472
52.162.0.152.336,0.09728000313043594
52.162.0.152.352,0.09625600278377533
52.162.0.152.368,0.09523200243711472
52.162.0.152.384,0.09523200243711472
52.162.0.152.416,0.09676800295710564
52.162.0.152.448,0.09728000313043594
52.162.0.152.480,0.09932800009846687
52.162.0.152.512,0.09728000313043594
52.162.0.152.576,0.09472000226378441
52.162.0.152.640,0.09728000313043594
52.162.0.152.704,0.09728000313043594
52.162.0.152.768,0.09625600278377533
52.162.0.152.832,0.09523200243711472
52.162.0.152.896,0.09728000313043594
52.162.0.152.960,0.09830400347709656
52.162.0.152.1024,0.09779200330376625
52.162.0.160.1,0.10649599879980087
52.162.0.160.2,0.09728000313043594
52.162.0.160.4,0.09830400347709656
52.162.0.160.8,0.09932800009846687
52.162.0.160.12,0.09779200330376625
52.162.0.160.16,0.09728000313043594
52.162.0.160.20,0.09676800295710564
52.162.0.160.24,0.09574400261044502
52.162.0.160.28,0.09728000313043594
52.162.0.160.32,0.09728000313043594
52.162.0.160.36,0.09779199957847595
52.162.0.160.40,0.09830399975180626
52.162.0.160.44,0.09523200243711472
52.162.0.160.48,0.09676800295710564
52.162.0.160.52,0.09932800009846687
52.162.0.160.56,0.09830400347709656
52.162.0.160.60,0.09728000313043594
52.162.0.160.64,0.09983999654650688
52.162.0.160.68,0.09830399975180626
52.162.0.160.72,0.09728000313043594
52.162.0.160.76,0.09676800295710564
52.162.0.160.80,0.09728000313043594
52.162.0.160.84,0.09676800295710564
52.162.0.160.88,0.09728000313043594
52.162.0.160.92,0.09881599992513657
52.162.0.160.96,0.09625600278377533
52.162.0.160.100,0.09574400261044502
52.162.0.160.104,0.09625600278377533
52.162.0.160.108,0.09779200330376625
52.162.0.160.112,0.0942080020904541
52.162.0.160.116,0.09625600278377533
52.162.0.160.120,0.09728000313043594
52.162.0.160.124,0.09728000313043594
52.162.0.160.128,0.09779200330376625
52.162.0.160.136,0.09625600278377533
52.162.0.160.144,0.09932800009846687
52.162.0.160.152,0.09676800295710564
52.162.0.160.160,0.09676800295710564
52.162.0.160.168,0.09932799637317657
52.162.0.160.176,0.09574400261044502
52.162.0.160.184,0.09574400261044502
52.162.0.160.192,0.09779200330376625
52.162.0.160.200,0.09881599992513657
52.162.0.160.208,0.09625600278377533
52.162.0.160.216,0.09574400261044502
52.162.0.160.224,0.09574400261044502
52.162.0.160.232,0.09676800295710564
52.162.0.160.240,0.09779200330376625
52.162.0.160.248,0.09779200330376625
52.162.0.160.256,0.09728000313043594
52.162.0.160.272,0.09881599992513657
52.162.0.160.288,0.09625600278377533
52.162.0.160.304,0.09779200330376625
52.162.0.160.320,0.09523200243711472
52.162.0.160.336,0.09728000313043594
52.162.0.160.352,0.09779200330376625
52.162.0.160.368,0.09881599992513657
52.162.0.160.384,0.09728000313043594
52.162.0.160.416,0.09830400347709656
52.162.0.160.448,0.09728000313043594
52.162.0.160.480,0.09625600278377533
52.162.0.160.512,0.09523200243711472
52.162.0.160.576,0.09676800295710564
52.162.0.160.640,0.09523200243711472
52.162.0.160.704,0.09881599992513657
52.162.0.160.768,0.09625600278377533
52.162.0.160.832,0.09574400261044502
52.162.0.160.896,0.09625600278377533
52.162.0.160.960,0.09676800295710564
52.162.0.160.1024,0.09625600278377533
52.162.0.168.1,0.1080319993197918
52.162.0.168.2,0.09574400261044502
52.162.0.168.4,0.09728000313043594
52.162.0.168.8,0.09574400261044502
52.162.0.168.12,0.09881599992513657
52.162.0.168.16,0.09830399975180626
52.162.0.168.20,0.09779199957847595
52.162.0.168.24,0.09625600278377533
52.162.0.168.28,0.09472000226378441
52.162.0.168.32,0.09779200330376625
52.162.0.168.36,0.09830400347709656
52.162.0.168.40,0.09830399975180626
52.162.0.168.44,0.09625600278377533
52.162.0.168.48,0.09830400347709656
52.162.0.168.52,0.09676800295710564
52.162.0.168.56,0.09983999654650688
52.162.0.168.60,0.09574400261044502
52.162.0.168.64,0.09625600278377533
52.162.0.168.68,0.09881599992513657
52.162.0.168.72,0.09728000313043594
52.162.0.168.76,0.09728000313043594
52.162.0.168.80,0.09830400347709656
52.162.0.168.84,0.09983999654650688
52.162.0.168.88,0.09728000313043594
52.162.0.168.92,0.09625600278377533
52.162.0.168.96,0.09779200330376625
52.162.0.168.100,0.09625600278377533
52.162.0.168.104,0.09574400261044502
52.162.0.168.108,0.09830400347709656
52.162.0.168.112,0.10188799723982811
52.162.0.168.116,0.09728000313043594
52.162.0.168.120,0.09779199957847595
52.162.0.168.124,0.09728000313043594
52.162.0.168.128,0.09779200330376625
52.162.0.168.136,0.09881599992513657
52.162.0.168.144,0.09881599992513657
52.162.0.168.152,0.09728000313043594
52.162.0.168.160,0.09676800295710564
52.162.0.168.168,0.09779200330376625
52.162.0.168.176,0.09676800295710564
52.162.0.168.184,0.09676800295710564
52.162.0.168.192,0.09830400347709656
52.162.0.168.200,0.09779200330376625
52.162.0.168.208,0.09676800295710564
52.162.0.168.216,0.09676800295710564
52.162.0.168.224,0.09728000313043594
52.162.0.168.232,0.09881599992513657
52.162.0.168.240,0.09625600278377533
52.162.0.168.248,0.09728000313043594
52.162.0.168.256,0.09523200243711472
52.162.0.168.272,0.09728000313043594
52.162.0.168.288,0.09676800295710564
52.162.0.168.304,0.09779200330376625
52.162.0.168.320,0.09625600278377533
52.162.0.168.336,0.09779200330376625
52.162.0.168.352,0.09472000226378441
52.162.0.168.368,0.09779200330376625
52.162.0.168.384,0.0936960019171238
52.162.0.168.416,0.09574400261044502
52.162.0.168.448,0.09881599992513657
52.162.0.168.480,0.09523200243711472
52.162.0.168.512,0.09881599992513657
52.162.0.168.576,0.09728000313043594
52.162.0.168.640,0.09881599992513657
52.162.0.168.704,0.09574400261044502
52.162.0.168.768,0.09676800295710564
52.162.0.168.832,0.09728000313043594
52.162.0.168.896,0.09779200330376625
52.162.0.168.960,0.09676800295710564
52.162.0.168.1024,0.09728000313043594
52.162.0.176.1,0.10751999914646149
52.162.0.176.2,0.09625600278377533
52.162.0.176.4,0.09676800295710564
52.162.0.176.8,0.09676800295710564
52.162.0.176.12,0.09676800295710564
52.162.0.176.16,0.09472000226378441
52.162.0.176.20,0.09728000313043594
52.162.0.176.24,0.09472000226378441
52.162.0.176.28,0.09728000313043594
52.162.0.176.32,0.09779200330376625
52.162.0.176.36,0.09625600278377533
52.162.0.176.40,0.09983999654650688
52.162.0.176.44,0.09523200243711472
52.162.0.176.48,0.09932799637317657
52.162.0.176.52,0.09676800295710564
52.162.0.176.56,0.09676800295710564
52.162.0.176.60,0.09830399975180626
52.162.0.176.64,0.09779200330376625
52.162.0.176.68,0.09625600278377533
52.162.0.176.72,0.09676800295710564
52.162.0.176.76,0.09728000313043594
52.162.0.176.80,0.09728000313043594
52.162.0.176.84,0.09728000313043594
52.162.0.176.88,0.09574400261044502
52.162.0.176.92,0.09728000313043594
52.162.0.176.96,0.09779200330376625
52.162.0.176.100,0.09728000313043594
52.162.0.176.104,0.09625600278377533
52.162.0.176.108,0.09983999654650688
52.162.0.176.112,0.09728000313043594
52.162.0.176.116,0.09728000313043594
52.162.0.176.120,0.09574400261044502
52.162.0.176.124,0.09676800295710564
52.162.0.176.128,0.09676800295710564
52.162.0.176.136,0.09676800295710564
52.162.0.176.144,0.09779199957847595
52.162.0.176.152,0.09728000313043594
52.162.0.176.160,0.09574400261044502
52.162.0.176.168,0.09625600278377533
52.162.0.176.176,0.09625600278377533
52.162.0.176.184,0.09625600278377533
52.162.0.176.192,0.09523200243711472
52.162.0.176.200,0.09728000313043594
52.162.0.176.208,0.09574400261044502
52.162.0.176.216,0.09676800295710564
52.162.0.176.224,0.09523200243711472
52.162.0.176.232,0.09830400347709656
52.162.0.176.240,0.09625600278377533
52.162.0.176.248,0.09779200330376625
52.162.0.176.256,0.09932799637317657
52.162.0.176.272,0.09523200243711472
52.162.0.176.288,0.09625600278377533
52.162.0.176.304,0.09932799637317657
52.162.0.176.320,0.09676800295710564
52.162.0.176.336,0.09676800295710564
52.162.0.176.352,0.09830400347709656
52.162.0.176.368,0.09728000313043594
52.162.0.176.384,0.09676800295710564
52.162.0.176.416,0.09574400261044502
52.162.0.176.448,0.09830400347709656
52.162.0.176.480,0.09676800295710564
52.162.0.176.512,0.09676800295710564
52.162.0.176.576,0.09881599992513657
52.162.0.176.640,0.09574400261044502
52.162.0.176.704,0.09779200330376625
52.162.0.176.768,0.09728000313043594
52.162.0.176.832,0.09881599992513657
52.162.0.176.896,0.09625600278377533
52.162.0.176.960,0.09574400261044502
52.162.0.176.1024,0.09574400261044502
52.162.0.184.1,0.10547199845314026
52.162.0.184.2,0.09472000226378441
52.162.0.184.4,0.09830400347709656
52.162.0.184.8,0.09625600278377533
52.162.0.184.12,0.09932800009846687
52.162.0.184.16,0.09830400347709656
52.162.0.184.20,0.09728000313043594
52.162.0.184.24,0.09830400347709656
52.162.0.184.28,0.09830400347709656
52.162.0.184.32,0.09830400347709656
52.162.0.184.36,0.09779200330376625
52.162.0.184.40,0.09523200243711472
52.162.0.184.44,0.09728000313043594
52.162.0.184.48,0.09625600278377533
52.162.0.184.52,0.09779200330376625
52.162.0.184.56,0.09779200330376625
52.162.0.184.60,0.09676800295710564
52.162.0.184.64,0.09830399975180626
52.162.0.184.68,0.09523200243711472
52.162.0.184.72,0.09728000313043594
52.162.0.184.76,0.09984000027179718
52.162.0.184.80,0.09676800295710564
52.162.0.184.84,0.09574400261044502
52.162.0.184.88,0.09676800295710564
52.162.0.184.92,0.09472000226378441
52.162.0.184.96,0.09881599992513657
52.162.0.184.100,0.10035199671983719
52.162.0.184.104,0.09472000226378441
52.162.0.184.108,0.09472000226378441
52.162.0.184.112,0.09676800295710564
52.162.0.184.116,0.09676800295710564
52.162.0.184.120,0.09779200330376625
52.162.0.184.124,0.09676800295710564
52.162.0.184.128,0.09728000313043594
52.162.0.184.136,0.09625600278377533
52.162.0.184.144,0.09779200330376625
52.162.0.184.152,0.09830399975180626
52.162.0.184.160,0.09830400347709656
52.162.0.184.168,0.09830399975180626
52.162.0.184.176,0.09676800295710564
52.162.0.184.184,0.09523200243711472
52.162.0.184.192,0.09881599992513657
52.162.0.184.200,0.09779200330376625
52.162.0.184.208,0.09728000313043594
52.162.0.184.216,0.09830400347709656
52.162.0.184.224,0.09625600278377533
52.162.0.184.232,0.09523200243711472
52.162.0.184.240,0.09676800295710564
52.162.0.184.248,0.09574400261044502
52.162.0.184.256,0.09779200330376625
52.162.0.184.272,0.09830399975180626
52.162.0.184.288,0.09676800295710564
52.162.0.184.304,0.09625600278377533
52.162.0.184.320,0.09728000313043594
52.162.0.184.336,0.09728000313043594
52.162.0.184.352,0.09881599992513657
52.162.0.184.368,0.09881599992513657
52.162.0.184.384,0.09728000313043594
52.162.0.184.416,0.09625600278377533
52.162.0.184.448,0.09625600278377533
52.162.0.184.480,0.09574400261044502
52.162.0.184.512,0.09676800295710564
52.162.0.184.576,0.09779200330376625
52.162.0.184.640,0.09881599992513657
52.162.0.184.704,0.09574400261044502
52.162.0.184.768,0.09625600278377533
52.162.0.184.832,0.09676800295710564
52.162.0.184.896,0.09728000313043594
52.162.0.184.960,0.09881599992513657
52.162.0.184.1024,0.09625600278377533
52.162.0.192.1,0.10751999914646149
52.162.0.192.2,0.09983999654650688
52.162.0.192.4,0.10035199671983719
52.162.0.192.8,0.09983999654650688
52.162.0.192.12,0.09983999654650688
52.162.0.192.16,0.09932800009846687
52.162.0.192.20,0.09881599992513657
52.162.0.192.24,0.10035199671983719
52.162.0.192.28,0.09932800009846687
52.162.0.192.32,0.10035200044512749
52.162.0.192.36,0.09881599992513657
52.162.0.192.40,0.09983999654650688
52.162.0.192.44,0.09983999654650688
52.162.0.192.48,0.1008639968931675
52.162.0.192.52,0.09881599992513657
52.162.0.192.56,0.1008639968931675
52.162.0.192.60,0.09625600278377533
52.162.0.192.64,0.10342399775981903
52.162.0.192.68,0.09676800295710564
52.162.0.192.72,0.09932800009846687
52.162.0.192.76,0.09676800295710564
52.162.0.192.80,0.09881599992513657
52.162.0.192.84,0.09676800295710564
52.162.0.192.88,0.09932799637317657
52.162.0.192.92,0.09830400347709656
52.162.0.192.96,0.1008639968931675
52.162.0.192.100,0.09625600278377533
52.162.0.192.104,0.09983999654650688
52.162.0.192.108,0.09830400347709656
52.162.0.192.112,0.10239999741315842
52.162.0.192.116,0.09830400347709656
52.162.0.192.120,0.09932799637317657
52.162.0.192.124,0.09676800295710564
52.162.0.192.128,0.10035199671983719
52.162.0.192.136,0.09932799637317657
52.162.0.192.144,0.10239999741315842
52.162.0.192.152,0.09728000313043594
52.162.0.192.160,0.09983999654650688
52.162.0.192.168,0.09983999654650688
52.162.0.192.176,0.09932799637317657
52.162.0.192.184,0.1008639968931675
52.162.0.192.192,0.09830400347709656
52.162.0.192.200,0.09932799637317657
52.162.0.192.208,0.09932799637317657
52.162.0.192.216,0.09830400347709656
52.162.0.192.224,0.09983999654650688
52.162.0.192.232,0.1008639968931675
52.162.0.192.240,0.1008639968931675
52.162.0.192.248,0.10035199671983719
52.162.0.192.256,0.09830400347709656
52.162.0.192.272,0.09932800009846687
52.162.0.192.288,0.09932799637317657
52.162.0.192.304,0.09932799637317657
52.162.0.192.320,0.09881599992513657
52.162.0.192.336,0.09983999654650688
52.162.0.192.352,0.09881599992513657
52.162.0.192.368,0.09881599992513657
52.162.0.192.384,0.09728000313043594
52.162.0.192.416,0.09728000313043594
52.162.0.192.448,0.09625600278377533
52.162.0.192.480,0.09830399975180626
52.162.0.192.512,0.09625600278377533
52.162.0.192.576,0.09728000313043594
52.162.0.192.640,0.09523200243711472
52.162.0.192.704,0.1008639968931675
52.162.0.192.768,0.09830399975180626
52.162.0.192.832,0.09728000313043594
52.162.0.192.896,0.09676800295710564
52.162.0.192.960,0.09625600278377533
52.162.0.192.1024,0.09676800295710564
52.162.0.200.1,0.10342399775981903
52.162.0.200.2,0.09830399975180626
52.162.0.200.4,0.10035199671983719
52.162.0.200.8,0.10035199671983719
52.162.0.200.12,0.09830400347709656
52.162.0.200.16,0.1008639968931675
52.162.0.200.20,0.1008639968931675
52.162.0.200.24,0.09932799637317657
52.162.0.200.28,0.09983999654650688
52.162.0.200.32,0.09932799637317657
52.162.0.200.36,0.1013759970664978
52.162.0.200.40,0.1008639968931675
52.162.0.200.44,0.1008639968931675
52.162.0.200.48,0.09983999654650688
52.162.0.200.52,0.09881599992513657
52.162.0.200.56,0.1013759970664978
52.162.0.200.60,0.09728000313043594
52.162.0.200.64,0.09932800009846687
52.162.0.200.68,0.09779200330376625
52.162.0.200.72,0.09932799637317657
52.162.0.200.76,0.09728000313043594
52.162.0.200.80,0.10188799723982811
52.162.0.200.84,0.09625600278377533
52.162.0.200.88,0.09932799637317657
52.162.0.200.92,0.09676800295710564
52.162.0.200.96,0.09983999654650688
52.162.0.200.100,0.09625600278377533
52.162.0.200.104,0.10188799723982811
52.162.0.200.108,0.09574400261044502
52.162.0.200.112,0.09983999654650688
52.162.0.200.116,0.09728000313043594
52.162.0.200.120,0.09932800009846687
52.162.0.200.124,0.09676800295710564
52.162.0.200.128,0.10342399775981903
52.162.0.200.136,0.09984000027179718
52.162.0.200.144,0.10393599793314934
52.162.0.200.152,0.1008639968931675
52.162.0.200.160,0.1008639968931675
52.162.0.200.168,0.10035199671983719
52.162.0.200.176,0.09881599992513657
52.162.0.200.184,0.10239999741315842
52.162.0.200.192,0.1008639968931675
52.162.0.200.200,0.09881599992513657
52.162.0.200.208,0.1008639968931675
52.162.0.200.216,0.09983999654650688
52.162.0.200.224,0.09881599992513657
52.162.0.200.232,0.09983999654650688
52.162.0.200.240,0.09830400347709656
52.162.0.200.248,0.09881599992513657
52.162.0.200.256,0.10239999741315842
52.162.0.200.272,0.10035200044512749
52.162.0.200.288,0.1013759970664978
52.162.0.200.304,0.09881599992513657
52.162.0.200.320,0.1008639968931675
52.162.0.200.336,0.10291199758648872
52.162.0.200.352,0.09881599992513657
52.162.0.200.368,0.09830399975180626
52.162.0.200.384,0.09574400261044502
52.162.0.200.416,0.09625600278377533
52.162.0.200.448,0.09625600278377533
52.162.0.200.480,0.09574400261044502
52.162.0.200.512,0.09779200330376625
52.162.0.200.576,0.09625600278377533
52.162.0.200.640,0.09728000313043594
52.162.0.200.704,0.09625600278377533
52.162.0.200.768,0.0942080020904541
52.162.0.200.832,0.09574400261044502
52.162.0.200.896,0.09625600278377533
52.162.0.200.960,0.09728000313043594
52.162.0.200.1024,0.09574400261044502
52.162.0.208.1,0.10598399862647057
52.162.0.208.2,0.10035199671983719
52.162.0.208.4,0.10239999741315842
52.162.0.208.8,0.09983999654650688
52.162.0.208.12,0.1008639968931675
52.162.0.208.16,0.10239999741315842
52.162.0.208.20,0.09881599992513657
52.162.0.208.24,0.09932799637317657
52.162.0.208.28,0.10239999741315842
52.162.0.208.32,0.09881599992513657
52.162.0.208.36,0.09983999654650688
52.162.0.208.40,0.10035199671983719
52.162.0.208.44,0.1013759970664978
52.162.0.208.48,0.09881599992513657
52.162.0.208.52,0.09881599992513657
52.162.0.208.56,0.10239999741315842
52.162.0.208.60,0.09676800295710564
52.162.0.208.64,0.10035199671983719
52.162.0.208.68,0.09676800295710564
52.162.0.208.72,0.10188799723982811
52.162.0.208.76,0.09625600278377533
52.162.0.208.80,0.09932800009846687
52.162.0.208.84,0.09728000313043594
52.162.0.208.88,0.09983999654650688
52.162.0.208.92,0.09676800295710564
52.162.0.208.96,0.10188799723982811
52.162.0.208.100,0.09881599992513657
52.162.0.208.104,0.10239999741315842
52.162.0.208.108,0.09779200330376625
52.162.0.208.112,0.1008639968931675
52.162.0.208.116,0.09676800295710564
52.162.0.208.120,0.1013759970664978
52.162.0.208.124,0.09728000313043594
52.162.0.208.128,0.09932799637317657
52.162.0.208.136,0.09830400347709656
52.162.0.208.144,0.1008639968931675
52.162.0.208.152,0.10035199671983719
52.162.0.208.160,0.09881599992513657
52.162.0.208.168,0.10342399775981903
52.162.0.208.176,0.09932799637317657
52.162.0.208.184,0.10188799723982811
52.162.0.208.192,0.10035199671983719
52.162.0.208.200,0.09676800295710564
52.162.0.208.208,0.09983999654650688
52.162.0.208.216,0.09881599992513657
52.162.0.208.224,0.1008639968931675
52.162.0.208.232,0.10239999741315842
52.162.0.208.240,0.10035199671983719
52.162.0.208.248,0.1013759970664978
52.162.0.208.256,0.10035199671983719
52.162.0.208.272,0.09983999654650688
52.162.0.208.288,0.10035199671983719
52.162.0.208.304,0.10239999741315842
52.162.0.208.320,0.09830400347709656
52.162.0.208.336,0.09983999654650688
52.162.0.208.352,0.1008639968931675
52.162.0.208.368,0.09983999654650688
52.162.0.208.384,0.09676800295710564
52.162.0.208.416,0.09625600278377533
52.162.0.208.448,0.09881599992513657
52.162.0.208.480,0.09625600278377533
52.162.0.208.512,0.09984000027179718
52.162.0.208.576,0.09574400261044502
52.162.0.208.640,0.09676800295710564
52.162.0.208.704,0.09728000313043594
52.162.0.208.768,0.09574400261044502
52.162.0.208.832,0.09574400261044502
52.162.0.208.896,0.09625600278377533
52.162.0.208.960,0.09728000313043594
52.162.0.208.1024,0.09728000313043594
52.162.0.216.1,0.1080319993197918
52.162.0.216.2,0.09830399975180626
52.162.0.216.4,0.09881599992513657
52.162.0.216.8,0.09881599992513657
52.162.0.216.12,0.10291199758648872
52.162.0.216.16,0.09984000027179718
52.162.0.216.20,0.10035199671983719
52.162.0.216.24,0.10188799723982811
52.162.0.216.28,0.1008639968931675
52.162.0.216.32,0.09932799637317657
52.162.0.216.36,0.10035199671983719
52.162.0.216.40,0.09932799637317657
52.162.0.216.44,0.09779200330376625
52.162.0.216.48,0.10035199671983719
52.162.0.216.52,0.09830400347709656
52.162.0.216.56,0.1013759970664978
52.162.0.216.60,0.09779200330376625
52.162.0.216.64,0.10239999741315842
52.162.0.216.68,0.09728000313043594
52.162.0.216.72,0.10239999741315842
52.162.0.216.76,0.09830400347709656
52.162.0.216.80,0.1008639968931675
52.162.0.216.84,0.09728000313043594
52.162.0.216.88,0.09932799637317657
52.162.0.216.92,0.09728000313043594
52.162.0.216.96,0.09932799637317657
52.162.0.216.100,0.09676800295710564
52.162.0.216.104,0.09932799637317657
52.162.0.216.108,0.09779199957847595
52.162.0.216.112,0.10188799723982811
52.162.0.216.116,0.09676800295710564
52.162.0.216.120,0.10035199671983719
52.162.0.216.124,0.09779200330376625
52.162.0.216.128,0.09983999654650688
52.162.0.216.136,0.1008639968931675
52.162.0.216.144,0.09983999654650688
52.162.0.216.152,0.09574400261044502
52.162.0.216.160,0.09983999654650688
52.162.0.216.168,0.10035199671983719
52.162.0.216.176,0.09830400347709656
52.162.0.216.184,0.09932799637317657
52.162.0.216.192,0.10035199671983719
52.162.0.216.200,0.09881599992513657
52.162.0.216.208,0.10342399775981903
52.162.0.216.216,0.1013759970664978
52.162.0.216.224,0.09830399975180626
52.162.0.216.232,0.09830399975180626
52.162.0.216.240,0.09830400347709656
52.162.0.216.248,0.09932799637317657
52.162.0.216.256,0.09881599992513657
52.162.0.216.272,0.09932799637317657
52.162.0.216.288,0.09983999654650688
52.162.0.216.304,0.10239999741315842
52.162.0.216.320,0.10035199671983719
52.162.0.216.336,0.09932799637317657
52.162.0.216.352,0.09932799637317657
52.162.0.216.368,0.09932799637317657
52.162.0.216.384,0.09676800295710564
52.162.0.216.416,0.09625600278377533
52.162.0.216.448,0.09574400261044502
52.162.0.216.480,0.09728000313043594
52.162.0.216.512,0.09625600278377533
52.162.0.216.576,0.09574400261044502
52.162.0.216.640,0.09728000313043594
52.162.0.216.704,0.09779200330376625
52.162.0.216.768,0.09779200330376625
52.162.0.216.832,0.09728000313043594
52.162.0.216.896,0.09625600278377533
52.162.0.216.960,0.09676800295710564
52.162.0.216.1024,0.09728000313043594
52.162.0.224.1,0.10700799897313118
52.162.0.224.2,0.10035199671983719
52.162.0.224.4,0.1013759970664978
52.162.0.224.8,0.09932800009846687
52.162.0.224.12,0.09983999654650688
52.162.0.224.16,0.1013759970664978
52.162.0.224.20,0.09932799637317657
52.162.0.224.24,0.09881599992513657
52.162.0.224.28,0.09932799637317657
52.162.0.224.32,0.09983999654650688
52.162.0.224.36,0.1013759970664978
52.162.0.224.40,0.09881599992513657
52.162.0.224.44,0.09779200330376625
52.162.0.224.48,0.1008639968931675
52.162.0.224.52,0.09932800009846687
52.162.0.224.56,0.10035199671983719
52.162.0.224.60,0.09625600278377533
52.162.0.224.64,0.1013759970664978
52.162.0.224.68,0.09472000226378441
52.162.0.224.72,0.09983999654650688
52.162.0.224.76,0.09779200330376625
52.162.0.224.80,0.09881599992513657
52.162.0.224.84,0.09625600278377533
52.162.0.224.88,0.1013759970664978
52.162.0.224.92,0.09830399975180626
52.162.0.224.96,0.1013759970664978
52.162.0.224.100,0.0942080020904541
52.162.0.224.104,0.10035199671983719
52.162.0.224.108,0.09676800295710564
52.162.0.224.112,0.09932799637317657
52.162.0.224.116,0.09574400261044502
52.162.0.224.120,0.09932799637317657
52.162.0.224.124,0.09728000313043594
52.162.0.224.128,0.09983999654650688
52.162.0.224.136,0.1008639968931675
52.162.0.224.144,0.10035199671983719
52.162.0.224.152,0.09779200330376625
52.162.0.224.160,0.10035199671983719
52.162.0.224.168,0.09728000313043594
52.162.0.224.176,0.09881599992513657
52.162.0.224.184,0.09932800009846687
52.162.0.224.192,0.09983999654650688
52.162.0.224.200,0.09830400347709656
52.162.0.224.208,0.10239999741315842
52.162.0.224.216,0.1013759970664978
52.162.0.224.224,0.09881599992513657
52.162.0.224.232,0.09881599992513657
52.162.0.224.240,0.09932799637317657
52.162.0.224.248,0.1013759970664978
52.162.0.224.256,0.10239999741315842
52.162.0.224.272,0.09983999654650688
52.162.0.224.288,0.10035199671983719
52.162.0.224.304,0.10035199671983719
52.162.0.224.320,0.1008639968931675
52.162.0.224.336,0.10035199671983719
52.162.0.224.352,0.09983999654650688
52.162.0.224.368,0.10188799723982811
52.162.0.224.384,0.09932800009846687
52.162.0.224.416,0.09728000313043594
52.162.0.224.448,0.09472000226378441
52.162.0.224.480,0.09779200330376625
52.162.0.224.512,0.09676800295710564
52.162.0.224.576,0.09574400261044502
52.162.0.224.640,0.09523200243711472
52.162.0.224.704,0.09574400261044502
52.162.0.224.768,0.09574400261044502
52.162.0.224.832,0.09523200243711472
52.162.0.224.896,0.0942080020904541
52.162.0.224.960,0.09830399975180626
52.162.0.224.1024,0.09574400261044502
52.162.0.232.1,0.10649599879980087
52.162.0.232.2,0.1008639968931675
52.162.0.232.4,0.09830399975180626
52.162.0.232.8,0.09830400347709656
52.162.0.232.12,0.10035199671983719
52.162.0.232.16,0.1013759970664978
52.162.0.232.20,0.09728000313043594
52.162.0.232.24,0.1008639968931675
52.162.0.232.28,0.1008639968931675
52.162.0.232.32,0.1008639968931675
52.162.0.232.36,0.09983999654650688
52.162.0.232.40,0.1013759970664978
52.162.0.232.44,0.09932800009846687
52.162.0.232.48,0.10035199671983719
52.162.0.232.52,0.09830399975180626
52.162.0.232.56,0.09881599992513657
52.162.0.232.60,0.09779200330376625
52.162.0.232.64,0.10035199671983719
52.162.0.232.68,0.09830400347709656
52.162.0.232.72,0.09830400347709656
52.162.0.232.76,0.09779200330376625
52.162.0.232.80,0.1008639968931675
52.162.0.232.84,0.09932799637317657
52.162.0.232.88,0.1013759970664978
52.162.0.232.92,0.09728000313043594
52.162.0.232.96,0.09983999654650688
52.162.0.232.100,0.09779200330376625
52.162.0.232.104,0.10035199671983719
52.162.0.232.108,0.0942080020904541
52.162.0.232.112,0.09881599992513657
52.162.0.232.116,0.09830399975180626
52.162.0.232.120,0.1013759970664978
52.162.0.232.124,0.09728000313043594
52.162.0.232.128,0.09983999654650688
52.162.0.232.136,0.09983999654650688
52.162.0.232.144,0.09932799637317657
52.162.0.232.152,0.09932800009846687
52.162.0.232.160,0.10035199671983719
52.162.0.232.168,0.09932799637317657
52.162.0.232.176,0.09830399975180626
52.162.0.232.184,0.09881599992513657
52.162.0.232.192,0.09983999654650688
52.162.0.232.200,0.09728000313043594
52.162.0.232.208,0.1008639968931675
52.162.0.232.216,0.1013759970664978
52.162.0.232.224,0.1008639968931675
52.162.0.232.232,0.1013759970664978
52.162.0.232.240,0.09932799637317657
52.162.0.232.248,0.09932799637317657
52.162.0.232.256,0.09932799637317657
52.162.0.232.272,0.09983999654650688
52.162.0.232.288,0.09983999654650688
52.162.0.232.304,0.09984000027179718
52.162.0.232.320,0.1008639968931675
52.162.0.232.336,0.09830400347709656
52.162.0.232.352,0.09932799637317657
52.162.0.232.368,0.10239999741315842
52.162.0.232.384,0.09728000313043594
52.162.0.232.416,0.09676800295710564
52.162.0.232.448,0.09676800295710564
52.162.0.232.480,0.09676800295710564
52.162.0.232.512,0.09830400347709656
52.162.0.232.576,0.09625600278377533
52.162.0.232.640,0.09625600278377533
52.162.0.232.704,0.09574400261044502
52.162.0.232.768,0.09779200330376625
52.162.0.232.832,0.09676800295710564
52.162.0.232.896,0.09728000313043594
52.162.0.232.960,0.09676800295710564
52.162.0.232.1024,0.09676800295710564
52.162.0.240.1,0.10956799983978271
52.162.0.240.2,0.09881599992513657
52.162.0.240.4,0.10035199671983719
52.162.0.240.8,0.09932799637317657
52.162.0.240.12,0.09983999654650688
52.162.0.240.16,0.09881599992513657
52.162.0.240.20,0.09983999654650688
52.162.0.240.24,0.1008639968931675
52.162.0.240.28,0.1013759970664978
52.162.0.240.32,0.09625600278377533
52.162.0.240.36,0.09984000027179718
52.162.0.240.40,0.09830399975180626
52.162.0.240.44,0.1008639968931675
52.162.0.240.48,0.09983999654650688
52.162.0.240.52,0.1008639968931675
52.162.0.240.56,0.10035199671983719
52.162.0.240.60,0.09676800295710564
52.162.0.240.64,0.09881599992513657
52.162.0.240.68,0.09574400261044502
52.162.0.240.72,0.1008639968931675
52.162.0.240.76,0.09779200330376625
52.162.0.240.80,0.1008639968931675
52.162.0.240.84,0.09779200330376625
52.162.0.240.88,0.1008639968931675
52.162.0.240.92,0.09779200330376625
52.162.0.240.96,0.10035199671983719
52.162.0.240.100,0.09676800295710564
52.162.0.240.104,0.09881599992513657
52.162.0.240.108,0.09625600278377533
52.162.0.240.112,0.10035199671983719
52.162.0.240.116,0.09676800295710564
52.162.0.240.120,0.10035199671983719
52.162.0.240.124,0.09625600278377533
52.162.0.240.128,0.09881599992513657
52.162.0.240.136,0.09830400347709656
52.162.0.240.144,0.1008639968931675
52.162.0.240.152,0.1013759970664978
52.162.0.240.160,0.09983999654650688
52.162.0.240.168,0.09983999654650688
52.162.0.240.176,0.1013759970664978
52.162.0.240.184,0.1008639968931675
52.162.0.240.192,0.1013759970664978
52.162.0.240.200,0.1008639968931675
52.162.0.240.208,0.10035199671983719
52.162.0.240.216,0.1008639968931675
52.162.0.240.224,0.09830399975180626
52.162.0.240.232,0.09830400347709656
52.162.0.240.240,0.1008639968931675
52.162.0.240.248,0.1008639968931675
52.162.0.240.256,0.09983999654650688
52.162.0.240.272,0.10188799723982811
52.162.0.240.288,0.1008639968931675
52.162.0.240.304,0.10291199758648872
52.162.0.240.320,0.09779200330376625
52.162.0.240.336,0.1008639968931675
52.162.0.240.352,0.09932799637317657
52.162.0.240.368,0.1008639968931675
52.162.0.240.384,0.09625600278377533
52.162.0.240.416,0.09574400261044502
52.162.0.240.448,0.09728000313043594
52.162.0.240.480,0.09728000313043594
52.162.0.240.512,0.09881599992513657
52.162.0.240.576,0.09574400261044502
52.162.0.240.640,0.09625600278377533
52.162.0.240.704,0.09676800295710564
52.162.0.240.768,0.09625600278377533
52.162.0.240.832,0.09881599992513657
52.162.0.240.896,0.09881599992513657
52.162.0.240.960,0.09779200330376625
52.162.0.240.1024,0.09881599992513657
52.162.0.248.1,0.1080319993197918
52.162.0.248.2,0.1008639968931675
52.162.0.248.4,0.09983999654650688
52.162.0.248.8,0.09881599992513657
52.162.0.248.12,0.09983999654650688
52.162.0.248.16,0.09983999654650688
52.162.0.248.20,0.10035199671983719
52.162.0.248.24,0.10188799723982811
52.162.0.248.28,0.09983999654650688
52.162.0.248.32,0.1013759970664978
52.162.0.248.36,0.09983999654650688
52.162.0.248.40,0.1013759970664978
52.162.0.248.44,0.09932799637317657
52.162.0.248.48,0.10035199671983719
52.162.0.248.52,0.10035199671983719
52.162.0.248.56,0.10035199671983719
52.162.0.248.60,0.09676800295710564
52.162.0.248.64,0.10188799723982811
52.162.0.248.68,0.09676800295710564
52.162.0.248.72,0.10035199671983719
52.162.0.248.76,0.09574400261044502
52.162.0.248.80,0.09983999654650688
52.162.0.248.84,0.09830399975180626
52.162.0.248.88,0.10188799723982811
52.162.0.248.92,0.09676800295710564
52.162.0.248.96,0.10035199671983719
52.162.0.248.100,0.09830399975180626
52.162.0.248.104,0.1008639968931675
52.162.0.248.108,0.09574400261044502
52.162.0.248.112,0.09728000313043594
52.162.0.248.116,0.09728000313043594
52.162.0.248.120,0.10188799723982811
52.162.0.248.124,0.09574400261044502
52.162.0.248.128,0.1008639968931675
52.162.0.248.136,0.10035199671983719
52.162.0.248.144,0.1008639968931675
52.162.0.248.152,0.09830400347709656
52.162.0.248.160,0.09881599992513657
52.162.0.248.168,0.09932799637317657
52.162.0.248.176,0.1013759970664978
52.162.0.248.184,0.09932800009846687
52.162.0.248.192,0.10188799723982811
52.162.0.248.200,0.09983999654650688
52.162.0.248.208,0.09932799637317657
52.162.0.248.216,0.09983999654650688
52.162.0.248.224,0.09932799637317657
52.162.0.248.232,0.09881599992513657
52.162.0.248.240,0.1008639968931675
52.162.0.248.248,0.09932800009846687
52.162.0.248.256,0.09983999654650688
52.162.0.248.272,0.09728000313043594
52.162.0.248.288,0.09830400347709656
52.162.0.248.304,0.09779200330376625
52.162.0.248.320,0.09881599992513657
52.162.0.248.336,0.1013759970664978
52.162.0.248.352,0.09983999654650688
52.162.0.248.368,0.10239999741315842
52.162.0.248.384,0.09523200243711472
52.162.0.248.416,0.09779200330376625
52.162.0.248.448,0.09830399975180626
52.162.0.248.480,0.09779200330376625
52.162.0.248.512,0.09625600278377533
52.162.0.248.576,0.09625600278377533
52.162.0.248.640,0.10239999741315842
52.162.0.248.704,0.09523200243711472
52.162.0.248.768,0.09625600278377533
52.162.0.248.832,0.09625600278377533
52.162.0.248.896,0.09523200243711472
52.162.0.248.960,0.09574400261044502
52.162.0.248.1024,0.09625600278377533
52.162.0.256.1,0.10700799897313118
52.162.0.256.2,0.09574400261044502
52.162.0.256.4,0.09728000313043594
52.162.0.256.8,0.09881599992513657
52.162.0.256.12,0.09728000313043594
52.162.0.256.16,0.09881599992513657
52.162.0.256.20,0.09728000313043594
52.162.0.256.24,0.1013759970664978
52.162.0.256.28,0.09523200243711472
52.162.0.256.32,0.1008639968931675
52.162.0.256.36,0.09676800295710564
52.162.0.256.40,0.09830399975180626
52.162.0.256.44,0.09830400347709656
52.162.0.256.48,0.09932799637317657
52.162.0.256.52,0.09728000313043594
52.162.0.256.56,0.1008639968931675
52.162.0.256.60,0.09728000313043594
52.162.0.256.64,0.09881599992513657
52.162.0.256.68,0.09523200243711472
52.162.0.256.72,0.09881599992513657
52.162.0.256.76,0.09728000313043594
52.162.0.256.80,0.10239999741315842
52.162.0.256.84,0.09881599992513657
52.162.0.256.88,0.10239999741315842
52.162.0.256.92,0.09728000313043594
52.162.0.256.96,0.1013759970664978
52.162.0.256.100,0.09574400261044502
52.162.0.256.104,0.09830400347709656
52.162.0.256.108,0.09779200330376625
52.162.0.256.112,0.1008639968931675
52.162.0.256.116,0.10035199671983719
52.162.0.256.120,0.09983999654650688
52.162.0.256.124,0.09574400261044502
52.162.0.256.128,0.1013759970664978
52.162.0.256.136,0.09983999654650688
52.162.0.256.144,0.09932799637317657
52.162.0.256.152,0.09728000313043594
52.162.0.256.160,0.09881599992513657
52.162.0.256.168,0.09932799637317657
52.162.0.256.176,0.09881599992513657
52.162.0.256.184,0.09932799637317657
52.162.0.256.192,0.10035199671983719
52.162.0.256.200,0.09881599992513657
52.162.0.256.208,0.1008639968931675
52.162.0.256.216,0.10035199671983719
52.162.0.256.224,0.10291199758648872
52.162.0.256.232,0.09830400347709656
52.162.0.256.240,0.09932799637317657
52.162.0.256.248,0.09983999654650688
52.162.0.256.256,0.10035199671983719
52.162.0.256.272,0.09983999654650688
52.162.0.256.288,0.1013759970664978
52.162.0.256.304,0.09983999654650688
52.162.0.256.320,0.1008639968931675
52.162.0.256.336,0.09983999654650688
52.162.0.256.352,0.09983999654650688
52.162.0.256.368,0.09932799637317657
52.162.0.256.384,0.09676800295710564
52.162.0.256.416,0.09830399975180626
52.162.0.256.448,0.09779200330376625
52.162.0.256.480,0.09523200243711472
52.162.0.256.512,0.09779200330376625
52.162.0.256.576,0.09676800295710564
52.162.0.256.640,0.09676800295710564
52.162.0.256.704,0.09779200330376625
52.162.0.256.768,0.09779200330376625
52.162.0.256.832,0.09625600278377533
52.162.0.256.896,0.09676800295710564
52.162.0.256.960,0.09676800295710564
52.162.0.256.1024,0.09830399975180626
52.162.0.272.1,0.1080319993197918
52.162.0.272.2,0.09779200330376625
52.162.0.272.4,0.09728000313043594
52.162.0.272.8,0.09830400347709656
52.162.0.272.12,0.09574400261044502
52.162.0.272.16,0.10188799723982811
52.162.0.272.20,0.09676800295710564
52.162.0.272.24,0.1008639968931675
52.162.0.272.28,0.09676800295710564
52.162.0.272.32,0.10035199671983719
52.162.0.272.36,0.09728000313043594
52.162.0.272.40,0.10035200044512749
52.162.0.272.44,0.09779200330376625
52.162.0.272.48,0.09881599992513657
52.162.0.272.52,0.09625600278377533
52.162.0.272.56,0.09932800009846687
52.162.0.272.60,0.09523200243711472
52.162.0.272.64,0.09881599992513657
52.162.0.272.68,0.09676800295710564
52.162.0.272.72,0.09881599992513657
52.162.0.272.76,0.09830400347709656
52.162.0.272.80,0.10035199671983719
52.162.0.272.84,0.09676800295710564
52.162.0.272.88,0.10291199758648872
52.162.0.272.92,0.09779200330376625
52.162.0.272.96,0.1013759970664978
52.162.0.272.100,0.09728000313043594
52.162.0.272.104,0.1008639968931675
52.162.0.272.108,0.09830399975180626
52.162.0.272.112,0.09932799637317657
52.162.0.272.116,0.09830399975180626
52.162.0.272.120,0.09932799637317657
52.162.0.272.124,0.09676800295710564
52.162.0.272.128,0.09983999654650688
52.162.0.272.136,0.1013759970664978
52.162.0.272.144,0.1008639968931675
52.162.0.272.152,0.09932799637317657
52.162.0.272.160,0.09983999654650688
52.162.0.272.168,0.10035199671983719
52.162.0.272.176,0.09779200330376625
52.162.0.272.184,0.10035199671983719
52.162.0.272.192,0.09983999654650688
52.162.0.272.200,0.10188799723982811
52.162.0.272.208,0.10035199671983719
52.162.0.272.216,0.09830400347709656
52.162.0.272.224,0.09983999654650688
52.162.0.272.232,0.09881599992513657
52.162.0.272.240,0.09830400347709656
52.162.0.272.248,0.09932800009846687
52.162.0.272.256,0.1008639968931675
52.162.0.272.272,0.09881599992513657
52.162.0.272.288,0.10239999741315842
52.162.0.272.304,0.09881599992513657
52.162.0.272.320,0.1008639968931675
52.162.0.272.336,0.09983999654650688
52.162.0.272.352,0.09983999654650688
52.162.0.272.368,0.09830400347709656
52.162.0.272.384,0.09676800295710564
52.162.0.272.416,0.09932799637317657
52.162.0.272.448,0.09676800295710564
52.162.0.272.480,0.09625600278377533
52.162.0.272.512,0.09574400261044502
52.162.0.272.576,0.09676800295710564
52.162.0.272.640,0.09523200243711472
52.162.0.272.704,0.09574400261044502
52.162.0.272.768,0.09728000313043594
52.162.0.272.832,0.09625600278377533
52.162.0.272.896,0.09574400261044502
52.162.0.272.960,0.09881599992513657
52.162.0.272.1024,0.0942080020904541
52.162.0.288.1,0.10547199845314026
52.162.0.288.2,0.09830400347709656
52.162.0.288.4,0.09932799637317657
52.162.0.288.8,0.09779200330376625
52.162.0.288.12,0.09881599992513657
52.162.0.288.16,0.10035199671983719
52.162.0.288.20,0.1008639968931675
52.162.0.288.24,0.1008639968931675
52.162.0.288.28,0.09983999654650688
52.162.0.288.32,0.1013759970664978
52.162.0.288.36,0.10035199671983719
52.162.0.288.40,0.1008639968931675
52.162.0.288.44,0.09830400347709656
52.162.0.288.48,0.09881599992513657
52.162.0.288.52,0.09830400347709656
52.162.0.288.56,0.09932800009846687
52.162.0.288.60,0.09676800295710564
52.162.0.288.64,0.1013759970664978
52.162.0.288.68,0.09728000313043594
52.162.0.288.72,0.10188799723982811
52.162.0.288.76,0.09779200330376625
52.162.0.288.80,0.10035199671983719
52.162.0.288.84,0.09472000226378441
52.162.0.288.88,0.10035199671983719
52.162.0.288.92,0.09523200243711472
52.162.0.288.96,0.1013759970664978
52.162.0.288.100,0.09676800295710564
52.162.0.288.104,0.1008639968931675
52.162.0.288.108,0.09728000313043594
52.162.0.288.112,0.10188799723982811
52.162.0.288.116,0.09574400261044502
52.162.0.288.120,0.09881599992513657
52.162.0.288.124,0.09625600278377533
52.162.0.288.128,0.09830400347709656
52.162.0.288.136,0.09728000313043594
52.162.0.288.144,0.09830400347709656
52.162.0.288.152,0.09881599992513657
52.162.0.288.160,0.09983999654650688
52.162.0.288.168,0.10342399775981903
52.162.0.288.176,0.1013759970664978
52.162.0.288.184,0.09932799637317657
52.162.0.288.192,0.10035199671983719
52.162.0.288.200,0.10035199671983719
52.162.0.288.208,0.09881599992513657
52.162.0.288.216,0.10188799723982811
52.162.0.288.224,0.1008639968931675
52.162.0.288.232,0.10495999827980995
52.162.0.288.240,0.09881599992513657
52.162.0.288.248,0.10393599793314934
52.162.0.288.256,0.09881599992513657
52.162.0.288.272,0.09728000313043594
52.162.0.288.288,0.10035199671983719
52.162.0.288.304,0.10393599793314934
52.162.0.288.320,0.1013759970664978
52.162.0.288.336,0.10342399775981903
52.162.0.288.352,0.09932799637317657
52.162.0.288.368,0.10188799723982811
52.162.0.288.384,0.09676800295710564
52.162.0.288.416,0.09728000313043594
52.162.0.288.448,0.09676800295710564
52.162.0.288.480,0.09830400347709656
52.162.0.288.512,0.09881599992513657
52.162.0.288.576,0.09728000313043594
52.162.0.288.640,0.09830400347709656
52.162.0.288.704,0.09523200243711472
52.162.0.288.768,0.09472000226378441
52.162.0.288.832,0.09728000313043594
52.162.0.288.896,0.09574400261044502
52.162.0.288.960,0.09318400174379349
52.162.0.288.1024,0.09830399975180626
52.162.0.304.1,0.10905599966645241
52.162.0.304.2,0.10239999741315842
52.162.0.304.4,0.10188799723982811
52.162.0.304.8,0.09932799637317657
52.162.0.304.12,0.09983999654650688
52.162.0.304.16,0.09983999654650688
52.162.0.304.20,0.09881599992513657
52.162.0.304.24,0.1013759970664978
52.162.0.304.28,0.10035199671983719
52.162.0.304.32,0.09932799637317657
52.162.0.304.36,0.09983999654650688
52.162.0.304.40,0.09932799637317657
52.162.0.304.44,0.0942080020904541
52.162.0.304.48,0.1013759970664978
52.162.0.304.52,0.09728000313043594
52.162.0.304.56,0.10035199671983719
52.162.0.304.60,0.09676800295710564
52.162.0.304.64,0.09932799637317657
52.162.0.304.68,0.09779200330376625
52.162.0.304.72,0.10188799723982811
52.162.0.304.76,0.09881599992513657
52.162.0.304.80,0.09932800009846687
52.162.0.304.84,0.09728000313043594
52.162.0.304.88,0.09983999654650688
52.162.0.304.92,0.09574400261044502
52.162.0.304.96,0.09830400347709656
52.162.0.304.100,0.09676800295710564
52.162.0.304.104,0.10035199671983719
52.162.0.304.108,0.09728000313043594
52.162.0.304.112,0.09932799637317657
52.162.0.304.116,0.09523200243711472
52.162.0.304.120,0.10035199671983719
52.162.0.304.124,0.09574400261044502
52.162.0.304.128,0.1013759970664978
52.162.0.304.136,0.09881599992513657
52.162.0.304.144,0.10188799723982811
52.162.0.304.152,0.09983999654650688
52.162.0.304.160,0.1013759970664978
52.162.0.304.168,0.1013759970664978
52.162.0.304.176,0.1013759970664978
52.162.0.304.184,0.1008639968931675
52.162.0.304.192,0.10035199671983719
52.162.0.304.200,0.09932799637317657
52.162.0.304.208,0.09881599992513657
52.162.0.304.216,0.09932800009846687
52.162.0.304.224,0.09881599992513657
52.162.0.304.232,0.09830400347709656
52.162.0.304.240,0.09983999654650688
52.162.0.304.248,0.1013759970664978
52.162.0.304.256,0.09983999654650688
52.162.0.304.272,0.09779200330376625
52.162.0.304.288,0.09932799637317657
52.162.0.304.304,0.09779200330376625
52.162.0.304.320,0.1013759970664978
52.162.0.304.336,0.09983999654650688
52.162.0.304.352,0.09932799637317657
52.162.0.304.368,0.10239999741315842
52.162.0.304.384,0.09676800295710564
52.162.0.304.416,0.09523200243711472
52.162.0.304.448,0.09676800295710564
52.162.0.304.480,0.09574400261044502
52.162.0.304.512,0.09830399975180626
52.162.0.304.576,0.09728000313043594
52.162.0.304.640,0.09574400261044502
52.162.0.304.704,0.09830400347709656
52.162.0.304.768,0.09676800295710564
52.162.0.304.832,0.09574400261044502
52.162.0.304.896,0.09574400261044502
52.162.0.304.960,0.09625600278377533
52.162.0.304.1024,0.09728000313043594
52.162.0.320.1,0.11059200018644333
52.162.0.320.2,0.10393599793314934
52.162.0.320.4,0.09830400347709656
52.162.0.320.8,0.10035199671983719
52.162.0.320.12,0.09932799637317657
52.162.0.320.16,0.10035199671983719
52.162.0.320.20,0.09881599992513657
52.162.0.320.24,0.09881599992513657
52.162.0.320.28,0.1008639968931675
52.162.0.320.32,0.09830400347709656
52.162.0.320.36,0.09932800009846687
52.162.0.320.40,0.09983999654650688
52.162.0.320.44,0.09830400347709656
52.162.0.320.48,0.09983999654650688
52.162.0.320.52,0.09574400261044502
52.162.0.320.56,0.1013759970664978
52.162.0.320.60,0.09881599992513657
52.162.0.320.64,0.1013759970664978
52.162.0.320.68,0.09728000313043594
52.162.0.320.72,0.1013759970664978
52.162.0.320.76,0.09932800009846687
52.162.0.320.80,0.09983999654650688
52.162.0.320.84,0.09523200243711472
52.162.0.320.88,0.09932799637317657
52.162.0.320.92,0.09625600278377533
52.162.0.320.96,0.1008639968931675
52.162.0.320.100,0.09779200330376625
52.162.0.320.104,0.09932799637317657
52.162.0.320.108,0.09728000313043594
52.162.0.320.112,0.10342399775981903
52.162.0.320.116,0.09676800295710564
52.162.0.320.120,0.09830400347709656
52.162.0.320.124,0.09779200330376625
52.162.0.320.128,0.1013759970664978
52.162.0.320.136,0.09983999654650688
52.162.0.320.144,0.1008639968931675
52.162.0.320.152,0.09881599992513657
52.162.0.320.160,0.09932799637317657
52.162.0.320.168,0.10239999741315842
52.162.0.320.176,0.10188799723982811
52.162.0.320.184,0.09983999654650688
52.162.0.320.192,0.09932800009846687
52.162.0.320.200,0.10035199671983719
52.162.0.320.208,0.09932799637317657
52.162.0.320.216,0.10035199671983719
52.162.0.320.224,0.09830400347709656
52.162.0.320.232,0.1013759970664978
52.162.0.320.240,0.09881599992513657
52.162.0.320.248,0.10188799723982811
52.162.0.320.256,0.1013759970664978
52.162.0.320.272,0.10035199671983719
52.162.0.320.288,0.09983999654650688
52.162.0.320.304,0.09983999654650688
52.162.0.320.320,0.09983999654650688
52.162.0.320.336,0.10035199671983719
52.162.0.320.352,0.09983999654650688
52.162.0.320.368,0.09728000313043594
52.162.0.320.384,0.09676800295710564
52.162.0.320.416,0.09625600278377533
52.162.0.320.448,0.09676800295710564
52.162.0.320.480,0.0936960019171238
52.162.0.320.512,0.09676800295710564
52.162.0.320.576,0.09728000313043594
52.162.0.320.640,0.09830400347709656
52.162.0.320.704,0.09625600278377533
52.162.0.320.768,0.09625600278377533
52.162.0.320.832,0.09625600278377533
52.162.0.320.896,0.09676800295710564
52.162.0.320.960,0.09728000313043594
52.162.0.320.1024,0.09625600278377533
52.162.0.336.1,0.10649599879980087
52.162.0.336.2,0.09932799637317657
52.162.0.336.4,0.1013759970664978
52.162.0.336.8,0.10035199671983719
52.162.0.336.12,0.09983999654650688
52.162.0.336.16,0.09984000027179718
52.162.0.336.20,0.10035199671983719
52.162.0.336.24,0.09830400347709656
52.162.0.336.28,0.1008639968931675
52.162.0.336.32,0.1008639968931675
52.162.0.336.36,0.1013759970664978
52.162.0.336.40,0.10239999741315842
52.162.0.336.44,0.09728000313043594
52.162.0.336.48,0.1013759970664978
52.162.0.336.52,0.09676800295710564
52.162.0.336.56,0.1008639968931675
52.162.0.336.60,0.09625600278377533
52.162.0.336.64,0.1008639968931675
52.162.0.336.68,0.09728000313043594
52.162.0.336.72,0.09983999654650688
52.162.0.336.76,0.09728000313043594
52.162.0.336.80,0.09830400347709656
52.162.0.336.84,0.09830399975180626
52.162.0.336.88,0.1013759970664978
52.162.0.336.92,0.09625600278377533
52.162.0.336.96,0.1008639968931675
52.162.0.336.100,0.09676800295710564
52.162.0.336.104,0.09983999654650688
52.162.0.336.108,0.09728000313043594
52.162.0.336.112,0.09779200330376625
52.162.0.336.116,0.09625600278377533
52.162.0.336.120,0.09881599992513657
52.162.0.336.124,0.09728000313043594
52.162.0.336.128,0.09779200330376625
52.162.0.336.136,0.09932799637317657
52.162.0.336.144,0.10188799723982811
52.162.0.336.152,0.09932799637317657
52.162.0.336.160,0.10035199671983719
52.162.0.336.168,0.09779200330376625
52.162.0.336.176,0.10188799723982811
52.162.0.336.184,0.09830400347709656
52.162.0.336.192,0.09881599992513657
52.162.0.336.200,0.09932800009846687
52.162.0.336.208,0.09932800009846687
52.162.0.336.216,0.09983999654650688
52.162.0.336.224,0.1008639968931675
52.162.0.336.232,0.09881599992513657
52.162.0.336.240,0.09932799637317657
52.162.0.336.248,0.09983999654650688
52.162.0.336.256,0.09881599992513657
52.162.0.336.272,0.09932799637317657
52.162.0.336.288,0.1008639968931675
52.162.0.336.304,0.09983999654650688
52.162.0.336.320,0.09881599992513657
52.162.0.336.336,0.09932799637317657
52.162.0.336.352,0.1008639968931675
52.162.0.336.368,0.09983999654650688
52.162.0.336.384,0.09523200243711472
52.162.0.336.416,0.09676800295710564
52.162.0.336.448,0.09625600278377533
52.162.0.336.480,0.09728000313043594
52.162.0.336.512,0.09574400261044502
52.162.0.336.576,0.09523200243711472
52.162.0.336.640,0.09472000226378441
52.162.0.336.704,0.09625600278377533
52.162.0.336.768,0.09830399975180626
52.162.0.336.832,0.09625600278377533
52.162.0.336.896,0.09676800295710564
52.162.0.336.960,0.09830400347709656
52.162.0.336.1024,0.09881599992513657
52.162.0.352.1,0.1085439994931221
52.162.0.352.2,0.10035199671983719
52.162.0.352.4,0.09983999654650688
52.162.0.352.8,0.10035199671983719
52.162.0.352.12,0.09728000313043594
52.162.0.352.16,0.10035199671983719
52.162.0.352.20,0.10495999827980995
52.162.0.352.24,0.09932799637317657
52.162.0.352.28,0.10035199671983719
52.162.0.352.32,0.1008639968931675
52.162.0.352.36,0.09983999654650688
52.162.0.352.40,0.10239999741315842
52.162.0.352.44,0.09728000313043594
52.162.0.352.48,0.09983999654650688
52.162.0.352.52,0.09728000313043594
52.162.0.352.56,0.10035199671983719
52.162.0.352.60,0.09625600278377533
52.162.0.352.64,0.09932799637317657
52.162.0.352.68,0.09676800295710564
52.162.0.352.72,0.10035200044512749
52.162.0.352.76,0.09830400347709656
52.162.0.352.80,0.1013759970664978
52.162.0.352.84,0.09779200330376625
52.162.0.352.88,0.10035199671983719
52.162.0.352.92,0.09779200330376625
52.162.0.352.96,0.09830399975180626
52.162.0.352.100,0.09830400347709656
52.162.0.352.104,0.10035199671983719
52.162.0.352.108,0.09523200243711472
52.162.0.352.112,0.1008639968931675
52.162.0.352.116,0.09523200243711472
52.162.0.352.120,0.10188799723982811
52.162.0.352.124,0.09625600278377533
52.162.0.352.128,0.09932799637317657
52.162.0.352.136,0.10495999827980995
52.162.0.352.144,0.09830400347709656
52.162.0.352.152,0.1008639968931675
52.162.0.352.160,0.10035199671983719
52.162.0.352.168,0.09983999654650688
52.162.0.352.176,0.09932799637317657
52.162.0.352.184,0.09932799637317657
52.162.0.352.192,0.10188799723982811
52.162.0.352.200,0.09983999654650688
52.162.0.352.208,0.1013759970664978
52.162.0.352.216,0.10239999741315842
52.162.0.352.224,0.1008639968931675
52.162.0.352.232,0.09932799637317657
52.162.0.352.240,0.09830400347709656
52.162.0.352.248,0.09881599992513657
52.162.0.352.256,0.09830400347709656
52.162.0.352.272,0.1013759970664978
52.162.0.352.288,0.09830400347709656
52.162.0.352.304,0.09983999654650688
52.162.0.352.320,0.09983999654650688
52.162.0.352.336,0.09881599992513657
52.162.0.352.352,0.10291199758648872
52.162.0.352.368,0.09983999654650688
52.162.0.352.384,0.09728000313043594
52.162.0.352.416,0.09779200330376625
52.162.0.352.448,0.09676800295710564
52.162.0.352.480,0.09830400347709656
52.162.0.352.512,0.09728000313043594
52.162.0.352.576,0.09728000313043594
52.162.0.352.640,0.09779200330376625
52.162.0.352.704,0.09676800295710564
52.162.0.352.768,0.09523200243711472
52.162.0.352.832,0.09676800295710564
52.162.0.352.896,0.09881599992513657
52.162.0.352.960,0.09625600278377533
52.162.0.352.1024,0.09676800295710564
52.162.0.368.1,0.10751999914646149
52.162.0.368.2,0.09983999654650688
52.162.0.368.4,0.1013759970664978
52.162.0.368.8,0.10239999741315842
52.162.0.368.12,0.09830400347709656
52.162.0.368.16,0.1008639968931675
52.162.0.368.20,0.09983999654650688
52.162.0.368.24,0.09932799637317657
52.162.0.368.28,0.10035199671983719
52.162.0.368.32,0.10035199671983719
52.162.0.368.36,0.09983999654650688
52.162.0.368.40,0.1008639968931675
52.162.0.368.44,0.09728000313043594
52.162.0.368.48,0.09830399975180626
52.162.0.368.52,0.09574400261044502
52.162.0.368.56,0.09983999654650688
52.162.0.368.60,0.09932800009846687
52.162.0.368.64,0.09779200330376625
52.162.0.368.68,0.09574400261044502
52.162.0.368.72,0.09932800009846687
52.162.0.368.76,0.09779200330376625
52.162.0.368.80,0.09830400347709656
52.162.0.368.84,0.09779200330376625
52.162.0.368.88,0.09932799637317657
52.162.0.368.92,0.09625600278377533
52.162.0.368.96,0.09830399975180626
52.162.0.368.100,0.09728000313043594
52.162.0.368.104,0.09728000313043594
52.162.0.368.108,0.09574400261044502
52.162.0.368.112,0.1008639968931675
52.162.0.368.116,0.09676800295710564
52.162.0.368.120,0.09779200330376625
52.162.0.368.124,0.09676800295710564
52.162.0.368.128,0.10188799723982811
52.162.0.368.136,0.09983999654650688
52.162.0.368.144,0.09881599992513657
52.162.0.368.152,0.10342399775981903
52.162.0.368.160,0.1013759970664978
52.162.0.368.168,0.09830400347709656
52.162.0.368.176,0.09983999654650688
52.162.0.368.184,0.09932799637317657
52.162.0.368.192,0.09983999654650688
52.162.0.368.200,0.10035199671983719
52.162.0.368.208,0.09830400347709656
52.162.0.368.216,0.09983999654650688
52.162.0.368.224,0.10291199758648872
52.162.0.368.232,0.09932799637317657
52.162.0.368.240,0.1013759970664978
52.162.0.368.248,0.09983999654650688
52.162.0.368.256,0.10188799723982811
52.162.0.368.272,0.10188799723982811
52.162.0.368.288,0.10291199758648872
52.162.0.368.304,0.10342399775981903
52.162.0.368.320,0.1008639968931675
52.162.0.368.336,0.1008639968931675
52.162.0.368.352,0.1008639968931675
52.162.0.368.368,0.10188799723982811
52.162.0.368.384,0.0936960019171238
52.162.0.368.416,0.09574400261044502
52.162.0.368.448,0.09728000313043594
52.162.0.368.480,0.09523200243711472
52.162.0.368.512,0.09574400261044502
52.162.0.368.576,0.09574400261044502
52.162.0.368.640,0.09728000313043594
52.162.0.368.704,0.09779200330376625
52.162.0.368.768,0.10239999741315842
52.162.0.368.832,0.09676800295710564
52.162.0.368.896,0.09472000226378441
52.162.0.368.960,0.09625600278377533
52.162.0.368.1024,0.09574400261044502
52.162.0.384.1,0.10905599966645241
52.162.0.384.2,0.09983999654650688
52.162.0.384.4,0.1008639968931675
52.162.0.384.8,0.09932800009846687
52.162.0.384.12,0.1008639968931675
52.162.0.384.16,0.09881599992513657
52.162.0.384.20,0.09984000027179718
52.162.0.384.24,0.09932799637317657
52.162.0.384.28,0.10188799723982811
52.162.0.384.32,0.09983999654650688
52.162.0.384.36,0.09881599992513657
52.162.0.384.40,0.09830400347709656
52.162.0.384.44,0.09779200330376625
52.162.0.384.48,0.09983999654650688
52.162.0.384.52,0.09830400347709656
52.162.0.384.56,0.09881599992513657
52.162.0.384.60,0.09472000226378441
52.162.0.384.64,0.09983999654650688
52.162.0.384.68,0.09881599992513657
52.162.0.384.72,0.09932799637317657
52.162.0.384.76,0.09728000313043594
52.162.0.384.80,0.09830399975180626
52.162.0.384.84,0.09881599992513657
52.162.0.384.88,0.09779200330376625
52.162.0.384.92,0.09472000226378441
52.162.0.384.96,0.09984000027179718
52.162.0.384.100,0.09472000226378441
52.162.0.384.104,0.09983999654650688
52.162.0.384.108,0.09625600278377533
52.162.0.384.112,0.1013759970664978
52.162.0.384.116,0.09983999654650688
52.162.0.384.120,0.10035199671983719
52.162.0.384.124,0.09625600278377533
52.162.0.384.128,0.10291199758648872
52.162.0.384.136,0.10035199671983719
52.162.0.384.144,0.1013759970664978
52.162.0.384.152,0.1013759970664978
52.162.0.384.160,0.1013759970664978
52.162.0.384.168,0.09983999654650688
52.162.0.384.176,0.10239999741315842
52.162.0.384.184,0.1008639968931675
52.162.0.384.192,0.10239999741315842
52.162.0.384.200,0.10291199758648872
52.162.0.384.208,0.10547199845314026
52.162.0.384.216,0.09983999654650688
52.162.0.384.224,0.09932799637317657
52.162.0.384.232,0.10239999741315842
52.162.0.384.240,0.1008639968931675
52.162.0.384.248,0.1008639968931675
52.162.0.384.256,0.10239999741315842
52.162.0.384.272,0.09983999654650688
52.162.0.384.288,0.09881599992513657
52.162.0.384.304,0.09881599992513657
52.162.0.384.320,0.09932799637317657
52.162.0.384.336,0.09983999654650688
52.162.0.384.352,0.1008639968931675
52.162.0.384.368,0.09932800009846687
52.162.0.384.384,0.09728000313043594
52.162.0.384.416,0.09574400261044502
52.162.0.384.448,0.09574400261044502
52.162.0.384.480,0.09676800295710564
52.162.0.384.512,0.09779200330376625
52.162.0.384.576,0.09676800295710564
52.162.0.384.640,0.09574400261044502
52.162.0.384.704,0.09830399975180626
52.162.0.384.768,0.09625600278377533
52.162.0.384.832,0.09779200330376625
52.162.0.384.896,0.09830400347709656
52.162.0.384.960,0.09523200243711472
52.162.0.384.1024,0.09625600278377533
52.162.0.416.1,0.10649599879980087
52.162.0.416.2,0.09983999654650688
52.162.0.416.4,0.09932799637317657
52.162.0.416.8,0.09779200330376625
52.162.0.416.12,0.10035199671983719
52.162.0.416.16,0.09983999654650688
52.162.0.416.20,0.1013759970664978
52.162.0.416.24,0.09881599992513657
52.162.0.416.28,0.09932799637317657
52.162.0.416.32,0.09983999654650688
52.162.0.416.36,0.09676800295710564
52.162.0.416.40,0.10035199671983719
52.162.0.416.44,0.09830400347709656
52.162.0.416.48,0.09881599992513657
52.162.0.416.52,0.09881599992513657
52.162.0.416.56,0.1008639968931675
52.162.0.416.60,0.09830399975180626
52.162.0.416.64,0.10035199671983719
52.162.0.416.68,0.09728000313043594
52.162.0.416.72,0.10239999741315842
52.162.0.416.76,0.09779200330376625
52.162.0.416.80,0.1008639968931675
52.162.0.416.84,0.09574400261044502
52.162.0.416.88,0.09830399975180626
52.162.0.416.92,0.09676800295710564
52.162.0.416.96,0.09728000313043594
52.162.0.416.100,0.09472000226378441
52.162.0.416.104,0.1008639968931675
52.162.0.416.108,0.09830399975180626
52.162.0.416.112,0.09881599992513657
52.162.0.416.116,0.09574400261044502
52.162.0.416.120,0.10188799723982811
52.162.0.416.124,0.09676800295710564
52.162.0.416.128,0.09983999654650688
52.162.0.416.136,0.09881599992513657
52.162.0.416.144,0.10035199671983719
52.162.0.416.152,0.10035199671983719
52.162.0.416.160,0.10035199671983719
52.162.0.416.168,0.1013759970664978
52.162.0.416.176,0.09830400347709656
52.162.0.416.184,0.10035199671983719
52.162.0.416.192,0.10035199671983719
52.162.0.416.200,0.10188799723982811
52.162.0.416.208,0.1013759970664978
52.162.0.416.216,0.09830400347709656
52.162.0.416.224,0.10239999741315842
52.162.0.416.232,0.09932799637317657
52.162.0.416.240,0.10035199671983719
52.162.0.416.248,0.10035199671983719
52.162.0.416.256,0.09932800009846687
52.162.0.416.272,0.10239999741315842
52.162.0.416.288,0.10239999741315842
52.162.0.416.304,0.10035199671983719
52.162.0.416.320,0.1013759970664978
52.162.0.416.336,0.10188799723982811
52.162.0.416.352,0.09983999654650688
52.162.0.416.368,0.10188799723982811
52.162.0.416.384,0.09574400261044502
52.162.0.416.416,0.09676800295710564
52.162.0.416.448,0.09472000226378441
52.162.0.416.480,0.09676800295710564
52.162.0.416.512,0.09523200243711472
52.162.0.416.576,0.09779200330376625
52.162.0.416.640,0.09676800295710564
52.162.0.416.704,0.09625600278377533
52.162.0.416.768,0.09625600278377533
52.162.0.416.832,0.09625600278377533
52.162.0.416.896,0.09728000313043594
52.162.0.416.960,0.09728000313043594
52.162.0.416.1024,0.09728000313043594
52.162.0.448.1,0.10649599879980087
52.162.0.448.2,0.09932799637317657
52.162.0.448.4,0.1013759970664978
52.162.0.448.8,0.1008639968931675
52.162.0.448.12,0.09932799637317657
52.162.0.448.16,0.10035199671983719
52.162.0.448.20,0.10188799723982811
52.162.0.448.24,0.1008639968931675
52.162.0.448.28,0.10239999741315842
52.162.0.448.32,0.09881599992513657
52.162.0.448.36,0.10035199671983719
52.162.0.448.40,0.09779200330376625
52.162.0.448.44,0.09830399975180626
52.162.0.448.48,0.09983999654650688
52.162.0.448.52,0.09728000313043594
52.162.0.448.56,0.09881599992513657
52.162.0.448.60,0.09472000226378441
52.162.0.448.64,0.1008639968931675
52.162.0.448.68,0.09830400347709656
52.162.0.448.72,0.1008639968931675
52.162.0.448.76,0.09574400261044502
52.162.0.448.80,0.10035199671983719
52.162.0.448.84,0.09728000313043594
52.162.0.448.88,0.10188799723982811
52.162.0.448.92,0.09881599992513657
52.162.0.448.96,0.1008639968931675
52.162.0.448.100,0.09625600278377533
52.162.0.448.104,0.1008639968931675
52.162.0.448.108,0.09625600278377533
52.162.0.448.112,0.10291199758648872
52.162.0.448.116,0.09676800295710564
52.162.0.448.120,0.10239999741315842
52.162.0.448.124,0.09523200243711472
52.162.0.448.128,0.10035199671983719
52.162.0.448.136,0.10035199671983719
52.162.0.448.144,0.10444799810647964
52.162.0.448.152,0.09881599992513657
52.162.0.448.160,0.1008639968931675
52.162.0.448.168,0.10342399775981903
52.162.0.448.176,0.1008639968931675
52.162.0.448.184,0.10035199671983719
52.162.0.448.192,0.10393599793314934
52.162.0.448.200,0.09932800009846687
52.162.0.448.208,0.10291199758648872
52.162.0.448.216,0.10188799723982811
52.162.0.448.224,0.1013759970664978
52.162.0.448.232,0.09932800009846687
52.162.0.448.240,0.09881599992513657
52.162.0.448.248,0.1013759970664978
52.162.0.448.256,0.1013759970664978
52.162.0.448.272,0.10035199671983719
52.162.0.448.288,0.10342399775981903
52.162.0.448.304,0.10188799723982811
52.162.0.448.320,0.10035199671983719
52.162.0.448.336,0.10035199671983719
52.162.0.448.352,0.10342399775981903
52.162.0.448.368,0.1013759970664978
52.162.0.448.384,0.09984000027179718
52.162.0.448.416,0.09830400347709656
52.162.0.448.448,0.10188799723982811
52.162.0.448.480,0.09932799637317657
52.162.0.448.512,0.10035199671983719
52.162.0.448.576,0.09983999654650688
52.162.0.448.640,0.09983999654650688
52.162.0.448.704,0.10239999741315842
52.162.0.448.768,0.10035199671983719
52.162.0.448.832,0.10239999741315842
52.162.0.448.896,0.09983999654650688
52.162.0.448.960,0.09625600278377533
52.162.0.448.1024,0.09983999654650688
52.162.0.480.1,0.10598399862647057
52.162.0.480.2,0.09881599992513657
52.162.0.480.4,0.10035199671983719
52.162.0.480.8,0.09779200330376625
52.162.0.480.12,0.09932799637317657
52.162.0.480.16,0.09830400347709656
52.162.0.480.20,0.09932800009846687
52.162.0.480.24,0.1008639968931675
52.162.0.480.28,0.1008639968931675
52.162.0.480.32,0.09932800009846687
52.162.0.480.36,0.10035199671983719
52.162.0.480.40,0.09932799637317657
52.162.0.480.44,0.09625600278377533
52.162.0.480.48,0.1013759970664978
52.162.0.480.52,0.09830400347709656
52.162.0.480.56,0.10035199671983719
52.162.0.480.60,0.09728000313043594
52.162.0.480.64,0.09830400347709656
52.162.0.480.68,0.09676800295710564
52.162.0.480.72,0.09728000313043594
52.162.0.480.76,0.09676800295710564
52.162.0.480.80,0.10035199671983719
52.162.0.480.84,0.09728000313043594
52.162.0.480.88,0.09932799637317657
52.162.0.480.92,0.09574400261044502
52.162.0.480.96,0.1008639968931675
52.162.0.480.100,0.09574400261044502
52.162.0.480.104,0.1008639968931675
52.162.0.480.108,0.09625600278377533
52.162.0.480.112,0.09932799637317657
52.162.0.480.116,0.09676800295710564
52.162.0.480.120,0.09932799637317657
52.162.0.480.124,0.09625600278377533
52.162.0.480.128,0.09983999654650688
52.162.0.480.136,0.10035199671983719
52.162.0.480.144,0.1013759970664978
52.162.0.480.152,0.09983999654650688
52.162.0.480.160,0.10342399775981903
52.162.0.480.168,0.1008639968931675
52.162.0.480.176,0.09932799637317657
52.162.0.480.184,0.1013759970664978
52.162.0.480.192,0.09932800009846687
52.162.0.480.200,0.1008639968931675
52.162.0.480.208,0.1008639968931675
52.162.0.480.216,0.10035199671983719
52.162.0.480.224,0.09932800009846687
52.162.0.480.232,0.10239999741315842
52.162.0.480.240,0.10035199671983719
52.162.0.480.248,0.10495999827980995
52.162.0.480.256,0.09881599992513657
52.162.0.480.272,0.1008639968931675
52.162.0.480.288,0.09932799637317657
52.162.0.480.304,0.09728000313043594
52.162.0.480.320,0.1008639968931675
52.162.0.480.336,0.09983999654650688
52.162.0.480.352,0.10035199671983719
52.162.0.480.368,0.10342399775981903
52.162.0.480.384,0.1013759970664978
52.162.0.480.416,0.09983999654650688
52.162.0.480.448,0.10035199671983719
52.162.0.480.480,0.10495999827980995
52.162.0.480.512,0.10188799723982811
52.162.0.480.576,0.10035199671983719
52.162.0.480.640,0.09983999654650688
52.162.0.480.704,0.10035199671983719
52.162.0.480.768,0.09932800009846687
52.162.0.480.832,0.1008639968931675
52.162.0.480.896,0.10035199671983719
52.162.0.480.960,0.09728000313043594
52.162.0.480.1024,0.09676800295710564
52.162.0.512.1,0.10700799897313118
52.162.0.512.2,0.09830399975180626
52.162.0.512.4,0.10035199671983719
52.162.0.512.8,0.09728000313043594
52.162.0.512.12,0.09983999654650688
52.162.0.512.16,0.09830400347709656
52.162.0.512.20,0.09983999654650688
52.162.0.512.24,0.1013759970664978
52.162.0.512.28,0.09881599992513657
52.162.0.512.32,0.09932799637317657
52.162.0.512.36,0.09932799637317657
52.162.0.512.40,0.1008639968931675
52.162.0.512.44,0.09779200330376625
52.162.0.512.48,0.09983999654650688
52.162.0.512.52,0.09676800295710564
52.162.0.512.56,0.09932799637317657
52.162.0.512.60,0.09676800295710564
52.162.0.512.64,0.10035199671983719
52.162.0.512.68,0.09574400261044502
52.162.0.512.72,0.09983999654650688
52.162.0.512.76,0.09625600278377533
52.162.0.512.80,0.09983999654650688
52.162.0.512.84,0.09779200330376625
52.162.0.512.88,0.10035199671983719
52.162.0.512.92,0.09574400261044502
52.162.0.512.96,0.09932800009846687
52.162.0.512.100,0.09625600278377533
52.162.0.512.104,0.1008639968931675
52.162.0.512.108,0.09574400261044502
52.162.0.512.112,0.10188799723982811
52.162.0.512.116,0.10035199671983719
52.162.0.512.120,0.09984000027179718
52.162.0.512.124,0.09523200243711472
52.162.0.512.128,0.10291199758648872
52.162.0.512.136,0.10342399775981903
52.162.0.512.144,0.09932799637317657
52.162.0.512.152,0.09983999654650688
52.162.0.512.160,0.10291199758648872
52.162.0.512.168,0.1013759970664978
52.162.0.512.176,0.10035199671983719
52.162.0.512.184,0.1008639968931675
52.162.0.512.192,0.10035199671983719
52.162.0.512.200,0.10035199671983719
52.162.0.512.208,0.09881599992513657
52.162.0.512.216,0.1008639968931675
52.162.0.512.224,0.09983999654650688
52.162.0.512.232,0.1013759970664978
52.162.0.512.240,0.10393599793314934
52.162.0.512.248,0.09983999654650688
52.162.0.512.256,0.09983999654650688
52.162.0.512.272,0.10035199671983719
52.162.0.512.288,0.1013759970664978
52.162.0.512.304,0.1013759970664978
52.162.0.512.320,0.10291199758648872
52.162.0.512.336,0.10291199758648872
52.162.0.512.352,0.1013759970664978
52.162.0.512.368,0.09983999654650688
52.162.0.512.384,0.10035199671983719
52.162.0.512.416,0.09932800009846687
52.162.0.512.448,0.10188799723982811
52.162.0.512.480,0.10035199671983719
52.162.0.512.512,0.10393599793314934
52.162.0.512.576,0.10291199758648872
52.162.0.512.640,0.09932799637317657
52.162.0.512.704,0.09728000313043594
52.162.0.512.768,0.1013759970664978
52.162.0.512.832,0.10035199671983719
52.162.0.512.896,0.09779200330376625
52.162.0.512.960,0.09676800295710564
52.162.0.512.1024,0.09881599992513657
52.162.0.576.1,0.10751999914646149
52.162.0.576.2,0.09779200330376625
52.162.0.576.4,0.09881599992513657
52.162.0.576.8,0.09983999654650688
52.162.0.576.12,0.1013759970664978
52.162.0.576.16,0.10188799723982811
52.162.0.576.20,0.1013759970664978
52.162.0.576.24,0.1013759970664978
52.162.0.576.28,0.10239999741315842
52.162.0.576.32,0.09983999654650688
52.162.0.576.36,0.09830400347709656
52.162.0.576.40,0.09932800009846687
52.162.0.576.44,0.09932800009846687
52.162.0.576.48,0.1013759970664978
52.162.0.576.52,0.09983999654650688
52.162.0.576.56,0.09932799637317657
52.162.0.576.60,0.1008639968931675
52.162.0.576.64,0.10035199671983719
52.162.0.576.68,0.10188799723982811
52.162.0.576.72,0.09881599992513657
52.162.0.576.76,0.09830400347709656
52.162.0.576.80,0.09983999654650688
52.162.0.576.84,0.0942080020904541
52.162.0.576.88,0.09983999654650688
52.162.0.576.92,0.09625600278377533
52.162.0.576.96,0.10188799723982811
52.162.0.576.100,0.09574400261044502
52.162.0.576.104,0.10188799723982811
52.162.0.576.108,0.09574400261044502
52.162.0.576.112,0.10188799723982811
52.162.0.576.116,0.09625600278377533
52.162.0.576.120,0.09728000313043594
52.162.0.576.124,0.09779200330376625
52.162.0.576.128,0.1008639968931675
52.162.0.576.136,0.10239999741315842
52.162.0.576.144,0.10188799723982811
52.162.0.576.152,0.1013759970664978
52.162.0.576.160,0.1008639968931675
52.162.0.576.168,0.09830400347709656
52.162.0.576.176,0.10035199671983719
52.162.0.576.184,0.10188799723982811
52.162.0.576.192,0.10035199671983719
52.162.0.576.200,0.10188799723982811
52.162.0.576.208,0.1013759970664978
52.162.0.576.216,0.10035199671983719
52.162.0.576.224,0.10188799723982811
52.162.0.576.232,0.09983999654650688
52.162.0.576.240,0.10035199671983719
52.162.0.576.248,0.1013759970664978
52.162.0.576.256,0.09983999654650688
52.162.0.576.272,0.10188799723982811
52.162.0.576.288,0.10188799723982811
52.162.0.576.304,0.10035199671983719
52.162.0.576.320,0.10495999827980995
52.162.0.576.336,0.1013759970664978
52.162.0.576.352,0.10035199671983719
52.162.0.576.368,0.1008639968931675
52.162.0.576.384,0.09983999654650688
52.162.0.576.416,0.10444799810647964
52.162.0.576.448,0.10444799810647964
52.162.0.576.480,0.10291199758648872
52.162.0.576.512,0.10239999741315842
52.162.0.576.576,0.09830400347709656
52.162.0.576.640,0.1008639968931675
52.162.0.576.704,0.1013759970664978
52.162.0.576.768,0.1013759970664978
52.162.0.576.832,0.09779200330376625
52.162.0.576.896,0.1013759970664978
52.162.0.576.960,0.09625600278377533
52.162.0.576.1024,0.09830400347709656
52.162.0.640.1,0.10495999827980995
52.162.0.640.2,0.10035199671983719
52.162.0.640.4,0.1008639968931675
52.162.0.640.8,0.10188799723982811
52.162.0.640.12,0.10035199671983719
52.162.0.640.16,0.09983999654650688
52.162.0.640.20,0.09983999654650688
52.162.0.640.24,0.10291199758648872
52.162.0.640.28,0.09830400347709656
52.162.0.640.32,0.09983999654650688
52.162.0.640.36,0.1008639968931675
52.162.0.640.40,0.10393599793314934
52.162.0.640.44,0.1008639968931675
52.162.0.640.48,0.10035199671983719
52.162.0.640.52,0.1008639968931675
52.162.0.640.56,0.09830399975180626
52.162.0.640.60,0.09983999654650688
52.162.0.640.64,0.09932799637317657
52.162.0.640.68,0.09830399975180626
52.162.0.640.72,0.1013759970664978
52.162.0.640.76,0.10035199671983719
52.162.0.640.80,0.1013759970664978
52.162.0.640.84,0.10342399775981903
52.162.0.640.88,0.09932799637317657
52.162.0.640.92,0.09779200330376625
52.162.0.640.96,0.09983999654650688
52.162.0.640.100,0.09625600278377533
52.162.0.640.104,0.09984000027179718
52.162.0.640.108,0.09676800295710564
52.162.0.640.112,0.1013759970664978
52.162.0.640.116,0.09881599992513657
52.162.0.640.120,0.10035199671983719
52.162.0.640.124,0.09676800295710564
52.162.0.640.128,0.1013759970664978
52.162.0.640.136,0.10188799723982811
52.162.0.640.144,0.10188799723982811
52.162.0.640.152,0.10188799723982811
52.162.0.640.160,0.10239999741315842
52.162.0.640.168,0.1008639968931675
52.162.0.640.176,0.09983999654650688
52.162.0.640.184,0.09830400347709656
52.162.0.640.192,0.10188799723982811
52.162.0.640.200,0.10035199671983719
52.162.0.640.208,0.1013759970664978
52.162.0.640.216,0.09881599992513657
52.162.0.640.224,0.09984000027179718
52.162.0.640.232,0.10342399775981903
52.162.0.640.240,0.10291199758648872
52.162.0.640.248,0.1008639968931675
52.162.0.640.256,0.1013759970664978
52.162.0.640.272,0.1008639968931675
52.162.0.640.288,0.1008639968931675
52.162.0.640.304,0.1008639968931675
52.162.0.640.320,0.10547199845314026
52.162.0.640.336,0.1008639968931675
52.162.0.640.352,0.09881599992513657
52.162.0.640.368,0.09932800009846687
52.162.0.640.384,0.09881599992513657
52.162.0.640.416,0.1013759970664978
52.162.0.640.448,0.1008639968931675
52.162.0.640.480,0.09932799637317657
52.162.0.640.512,0.1008639968931675
52.162.0.640.576,0.10035199671983719
52.162.0.640.640,0.1008639968931675
52.162.0.640.704,0.1008639968931675
52.162.0.640.768,0.1013759970664978
52.162.0.640.832,0.09676800295710564
52.162.0.640.896,0.09728000313043594
52.162.0.640.960,0.09728000313043594
52.162.0.640.1024,0.09676800295710564
52.162.0.704.1,0.10547199845314026
52.162.0.704.2,0.10035199671983719
52.162.0.704.4,0.1008639968931675
52.162.0.704.8,0.09932800009846687
52.162.0.704.12,0.09830400347709656
52.162.0.704.16,0.09881599992513657
52.162.0.704.20,0.09728000313043594
52.162.0.704.24,0.09881599992513657
52.162.0.704.28,0.09983999654650688
52.162.0.704.32,0.10188799723982811
52.162.0.704.36,0.09983999654650688
52.162.0.704.40,0.1013759970664978
52.162.0.704.44,0.09983999654650688
52.162.0.704.48,0.09983999654650688
52.162.0.704.52,0.09881599992513657
52.162.0.704.56,0.1013759970664978
52.162.0.704.60,0.09932799637317657
52.162.0.704.64,0.09830400347709656
52.162.0.704.68,0.09983999654650688
52.162.0.704.72,0.09983999654650688
52.162.0.704.76,0.09932799637317657
52.162.0.704.80,0.09881599992513657
52.162.0.704.84,0.09830400347709656
52.162.0.704.88,0.09932799637317657
52.162.0.704.92,0.1008639968931675
52.162.0.704.96,0.09983999654650688
52.162.0.704.100,0.10188799723982811
52.162.0.704.104,0.1008639968931675
52.162.0.704.108,0.1013759970664978
52.162.0.704.112,0.10188799723982811
52.162.0.704.116,0.10035199671983719
52.162.0.704.120,0.10444799810647964
52.162.0.704.124,0.09932800009846687
52.162.0.704.128,0.10035199671983719
52.162.0.704.136,0.1008639968931675
52.162.0.704.144,0.10188799723982811
52.162.0.704.152,0.09779200330376625
52.162.0.704.160,0.10239999741315842
52.162.0.704.168,0.09881599992513657
52.162.0.704.176,0.09983999654650688
52.162.0.704.184,0.1008639968931675
52.162.0.704.192,0.10188799723982811
52.162.0.704.200,0.1008639968931675
52.162.0.704.208,0.1008639968931675
52.162.0.704.216,0.10444799810647964
52.162.0.704.224,0.09881599992513657
52.162.0.704.232,0.09983999654650688
52.162.0.704.240,0.10035199671983719
52.162.0.704.248,0.1008639968931675
52.162.0.704.256,0.09932799637317657
52.162.0.704.272,0.09983999654650688
52.162.0.704.288,0.10239999741315842
52.162.0.704.304,0.09932799637317657
52.162.0.704.320,0.09932800009846687
52.162.0.704.336,0.10291199758648872
52.162.0.704.352,0.1013759970664978
52.162.0.704.368,0.10035199671983719
52.162.0.704.384,0.10035199671983719
52.162.0.704.416,0.10239999741315842
52.162.0.704.448,0.10035199671983719
52.162.0.704.480,0.1008639968931675
52.162.0.704.512,0.09830400347709656
52.162.0.704.576,0.1008639968931675
52.162.0.704.640,0.09932800009846687
52.162.0.704.704,0.10035199671983719
52.162.0.704.768,0.10035199671983719
52.162.0.704.832,0.09728000313043594
52.162.0.704.896,0.09983999654650688
52.162.0.704.960,0.09574400261044502
52.162.0.704.1024,0.09625600278377533
52.162.0.768.1,0.10751999914646149
52.162.0.768.2,0.09881599992513657
52.162.0.768.4,0.09932799637317657
52.162.0.768.8,0.10291199758648872
52.162.0.768.12,0.10035199671983719
52.162.0.768.16,0.1008639968931675
52.162.0.768.20,0.10035199671983719
52.162.0.768.24,0.09983999654650688
52.162.0.768.28,0.1008639968931675
52.162.0.768.32,0.09881599992513657
52.162.0.768.36,0.09983999654650688
52.162.0.768.40,0.09932799637317657
52.162.0.768.44,0.09779200330376625
52.162.0.768.48,0.09830399975180626
52.162.0.768.52,0.09983999654650688
52.162.0.768.56,0.09881599992513657
52.162.0.768.60,0.10035199671983719
52.162.0.768.64,0.10188799723982811
52.162.0.768.68,0.09728000313043594
52.162.0.768.72,0.1013759970664978
52.162.0.768.76,0.10035199671983719
52.162.0.768.80,0.1008639968931675
52.162.0.768.84,0.09932799637317657
52.162.0.768.88,0.09983999654650688
52.162.0.768.92,0.09983999654650688
52.162.0.768.96,0.10239999741315842
52.162.0.768.100,0.09830400347709656
52.162.0.768.104,0.1013759970664978
52.162.0.768.108,0.09932799637317657
52.162.0.768.112,0.10291199758648872
52.162.0.768.116,0.10342399775981903
52.162.0.768.120,0.1013759970664978
52.162.0.768.124,0.09983999654650688
52.162.0.768.128,0.10035199671983719
52.162.0.768.136,0.10035199671983719
52.162.0.768.144,0.1013759970664978
52.162.0.768.152,0.10291199758648872
52.162.0.768.160,0.10035199671983719
52.162.0.768.168,0.1013759970664978
52.162.0.768.176,0.1008639968931675
52.162.0.768.184,0.10342399775981903
52.162.0.768.192,0.1008639968931675
52.162.0.768.200,0.1008639968931675
52.162.0.768.208,0.10035199671983719
52.162.0.768.216,0.1013759970664978
52.162.0.768.224,0.10035199671983719
52.162.0.768.232,0.10342399775981903
52.162.0.768.240,0.10035199671983719
52.162.0.768.248,0.10393599793314934
52.162.0.768.256,0.10035199671983719
52.162.0.768.272,0.09984000027179718
52.162.0.768.288,0.09983999654650688
52.162.0.768.304,0.09983999654650688
52.162.0.768.320,0.1008639968931675
52.162.0.768.336,0.10188799723982811
52.162.0.768.352,0.10035199671983719
52.162.0.768.368,0.10035199671983719
52.162.0.768.384,0.10035199671983719
52.162.0.768.416,0.09728000313043594
52.162.0.768.448,0.09983999654650688
52.162.0.768.480,0.10239999741315842
52.162.0.768.512,0.09983999654650688
52.162.0.768.576,0.10291199758648872
52.162.0.768.640,0.09932799637317657
52.162.0.768.704,0.10342399775981903
52.162.0.768.768,0.10188799723982811
52.162.0.768.832,0.09881599992513657
52.162.0.768.896,0.09830400347709656
52.162.0.768.960,0.09728000313043594
52.162.0.768.1024,0.09625600278377533
52.162.0.832.1,0.10598399862647057
52.162.0.832.2,0.10035199671983719
52.162.0.832.4,0.1013759970664978
52.162.0.832.8,0.1008639968931675
52.162.0.832.12,0.1013759970664978
52.162.0.832.16,0.09881599992513657
52.162.0.832.20,0.1013759970664978
52.162.0.832.24,0.09830400347709656
52.162.0.832.28,0.09932800009846687
52.162.0.832.32,0.1008639968931675
52.162.0.832.36,0.1008639968931675
52.162.0.832.40,0.10035199671983719
52.162.0.832.44,0.09983999654650688
52.162.0.832.48,0.09932799637317657
52.162.0.832.52,0.10035199671983719
52.162.0.832.56,0.10035199671983719
52.162.0.832.60,0.09830400347709656
52.162.0.832.64,0.09983999654650688
52.162.0.832.68,0.09932800009846687
52.162.0.832.72,0.10291199758648872
52.162.0.832.76,0.09881599992513657
52.162.0.832.80,0.1013759970664978
52.162.0.832.84,0.09983999654650688
52.162.0.832.88,0.1013759970664978
52.162.0.832.92,0.09932799637317657
52.162.0.832.96,0.1008639968931675
52.162.0.832.100,0.10035199671983719
52.162.0.832.104,0.09932799637317657
52.162.0.832.108,0.09983999654650688
52.162.0.832.112,0.09932800009846687
52.162.0.832.116,0.10035199671983719
52.162.0.832.120,0.09881599992513657
52.162.0.832.124,0.1008639968931675
52.162.0.832.128,0.09830400347709656
52.162.0.832.136,0.10188799723982811
52.162.0.832.144,0.09932800009846687
52.162.0.832.152,0.10188799723982811
52.162.0.832.160,0.09983999654650688
52.162.0.832.168,0.1013759970664978
52.162.0.832.176,0.09983999654650688
52.162.0.832.184,0.1008639968931675
52.162.0.832.192,0.1013759970664978
52.162.0.832.200,0.1013759970664978
52.162.0.832.208,0.10700799897313118
52.162.0.832.216,0.09881599992513657
52.162.0.832.224,0.10035200044512749
52.162.0.832.232,0.10188799723982811
52.162.0.832.240,0.09983999654650688
52.162.0.832.248,0.1008639968931675
52.162.0.832.256,0.1013759970664978
52.162.0.832.272,0.10035199671983719
52.162.0.832.288,0.1008639968931675
52.162.0.832.304,0.09983999654650688
52.162.0.832.320,0.09881599992513657
52.162.0.832.336,0.1008639968931675
52.162.0.832.352,0.1013759970664978
52.162.0.832.368,0.10188799723982811
52.162.0.832.384,0.1008639968931675
52.162.0.832.416,0.10291199758648872
52.162.0.832.448,0.09983999654650688
52.162.0.832.480,0.10035199671983719
52.162.0.832.512,0.10035199671983719
52.162.0.832.576,0.09983999654650688
52.162.0.832.640,0.1013759970664978
52.162.0.832.704,0.1013759970664978
52.162.0.832.768,0.09983999654650688
52.162.0.832.832,0.09728000313043594
52.162.0.832.896,0.09932800009846687
52.162.0.832.960,0.09676800295710564
52.162.0.832.1024,0.09472000226378441
52.162.0.896.1,0.11008000001311302
52.162.0.896.2,0.1013759970664978
52.162.0.896.4,0.1008639968931675
52.162.0.896.8,0.1013759970664978
52.162.0.896.12,0.10035199671983719
52.162.0.896.16,0.09728000313043594
52.162.0.896.20,0.10035199671983719
52.162.0.896.24,0.1008639968931675
52.162.0.896.28,0.09881599992513657
52.162.0.896.32,0.09983999654650688
52.162.0.896.36,0.09881599992513657
52.162.0.896.40,0.09574400261044502
52.162.0.896.44,0.1013759970664978
52.162.0.896.48,0.10239999741315842
52.162.0.896.52,0.09932799637317657
52.162.0.896.56,0.1013759970664978
52.162.0.896.60,0.09728000313043594
52.162.0.896.64,0.09728000313043594
52.162.0.896.68,0.09932799637317657
52.162.0.896.72,0.09881599992513657
52.162.0.896.76,0.10035199671983719
52.162.0.896.80,0.10035199671983719
52.162.0.896.84,0.09932799637317657
52.162.0.896.88,0.09830399975180626
52.162.0.896.92,0.09881599992513657
52.162.0.896.96,0.1013759970664978
52.162.0.896.100,0.09830400347709656
52.162.0.896.104,0.09983999654650688
52.162.0.896.108,0.09983999654650688
52.162.0.896.112,0.1008639968931675
52.162.0.896.116,0.1008639968931675
52.162.0.896.120,0.1013759970664978
52.162.0.896.124,0.1013759970664978
52.162.0.896.128,0.09932800009846687
52.162.0.896.136,0.1013759970664978
52.162.0.896.144,0.10035199671983719
52.162.0.896.152,0.1008639968931675
52.162.0.896.160,0.09983999654650688
52.162.0.896.168,0.1008639968931675
52.162.0.896.176,0.10188799723982811
52.162.0.896.184,0.09881599992513657
52.162.0.896.192,0.10035199671983719
52.162.0.896.200,0.1008639968931675
52.162.0.896.208,0.1013759970664978
52.162.0.896.216,0.09728000313043594
52.162.0.896.224,0.10188799723982811
52.162.0.896.232,0.10035199671983719
52.162.0.896.240,0.09881599992513657
52.162.0.896.248,0.09983999654650688
52.162.0.896.256,0.09983999654650688
52.162.0.896.272,0.09932799637317657
52.162.0.896.288,0.09932800009846687
52.162.0.896.304,0.1008639968931675
52.162.0.896.320,0.1013759970664978
52.162.0.896.336,0.1008639968931675
52.162.0.896.352,0.09830399975180626
52.162.0.896.368,0.1013759970664978
52.162.0.896.384,0.1013759970664978
52.162.0.896.416,0.1008639968931675
52.162.0.896.448,0.1013759970664978
52.162.0.896.480,0.10035199671983719
52.162.0.896.512,0.10035199671983719
52.162.0.896.576,0.10035199671983719
52.162.0.896.640,0.09983999654650688
52.162.0.896.704,0.10342399775981903
52.162.0.896.768,0.09932799637317657
52.162.0.896.832,0.09779199957847595
52.162.0.896.896,0.09932799637317657
52.162.0.896.960,0.09676800295710564
52.162.0.896.1024,0.09676800295710564
52.162.0.960.1,0.11673600226640701
52.162.0.960.2,0.1008639968931675
52.162.0.960.4,0.09983999654650688
52.162.0.960.8,0.10035199671983719
52.162.0.960.12,0.09932799637317657
52.162.0.960.16,0.09881599992513657
52.162.0.960.20,0.09728000313043594
52.162.0.960.24,0.09932799637317657
52.162.0.960.28,0.09932799637317657
52.162.0.960.32,0.09932800009846687
52.162.0.960.36,0.09932800009846687
52.162.0.960.40,0.09830399975180626
52.162.0.960.44,0.09881599992513657
52.162.0.960.48,0.10035199671983719
52.162.0.960.52,0.10239999741315842
52.162.0.960.56,0.09932799637317657
52.162.0.960.60,0.1008639968931675
52.162.0.960.64,0.10188799723982811
52.162.0.960.68,0.09983999654650688
52.162.0.960.72,0.10188799723982811
52.162.0.960.76,0.09830400347709656
52.162.0.960.80,0.09932800009846687
52.162.0.960.84,0.09932799637317657
52.162.0.960.88,0.1008639968931675
52.162.0.960.92,0.10239999741315842
52.162.0.960.96,0.10393599793314934
52.162.0.960.100,0.1008639968931675
52.162.0.960.104,0.10188799723982811
52.162.0.960.108,0.09830400347709656
52.162.0.960.112,0.10444799810647964
52.162.0.960.116,0.09830400347709656
52.162.0.960.120,0.09983999654650688
52.162.0.960.124,0.09983999654650688
52.162.0.960.128,0.10291199758648872
52.162.0.960.136,0.09881599992513657
52.162.0.960.144,0.10239999741315842
52.162.0.960.152,0.09932799637317657
52.162.0.960.160,0.10239999741315842
52.162.0.960.168,0.10239999741315842
52.162.0.960.176,0.09984000027179718
52.162.0.960.184,0.1013759970664978
52.162.0.960.192,0.09983999654650688
52.162.0.960.200,0.10188799723982811
52.162.0.960.208,0.10035199671983719
52.162.0.960.216,0.1013759970664978
52.162.0.960.224,0.10035199671983719
52.162.0.960.232,0.10393599793314934
52.162.0.960.240,0.1013759970664978
52.162.0.960.248,0.09932799637317657
52.162.0.960.256,0.09881599992513657
52.162.0.960.272,0.10035199671983719
52.162.0.960.288,0.1013759970664978
52.162.0.960.304,0.09983999654650688
52.162.0.960.320,0.10035199671983719
52.162.0.960.336,0.1013759970664978
52.162.0.960.352,0.1013759970664978
52.162.0.960.368,0.09983999654650688
52.162.0.960.384,0.10035199671983719
52.162.0.960.416,0.1013759970664978
52.162.0.960.448,0.1008639968931675
52.162.0.960.480,0.10393599793314934
52.162.0.960.512,0.10239999741315842
52.162.0.960.576,0.10035199671983719
52.162.0.960.640,0.10239999741315842
52.162.0.960.704,0.09932799637317657
52.162.0.960.768,0.09983999654650688
52.162.0.960.832,0.09983999654650688
52.162.0.960.896,0.09728000313043594
52.162.0.960.960,0.09779200330376625
52.162.0.960.1024,0.0942080020904541
52.162.0.1024.1,0.1157120019197464
52.162.0.1024.2,0.10035199671983719
52.162.0.1024.4,0.09779200330376625
52.162.0.1024.8,0.09932800009846687
52.162.0.1024.12,0.09983999654650688
52.162.0.1024.16,0.10035199671983719
52.162.0.1024.20,0.09932800009846687
52.162.0.1024.24,0.09983999654650688
52.162.0.1024.28,0.1008639968931675
52.162.0.1024.32,0.09830400347709656
52.162.0.1024.36,0.09881599992513657
52.162.0.1024.40,0.1008639968931675
52.162.0.1024.44,0.09779200330376625
52.162.0.1024.48,0.09830400347709656
52.162.0.1024.52,0.09881599992513657
52.162.0.1024.56,0.09932799637317657
52.162.0.1024.60,0.09625600278377533
52.162.0.1024.64,0.09983999654650688
52.162.0.1024.68,0.1008639968931675
52.162.0.1024.72,0.09881599992513657
52.162.0.1024.76,0.09881599992513657
52.162.0.1024.80,0.10188799723982811
52.162.0.1024.84,0.10035199671983719
52.162.0.1024.88,0.09779200330376625
52.162.0.1024.92,0.10188799723982811
52.162.0.1024.96,0.09983999654650688
52.162.0.1024.100,0.09983999654650688
52.162.0.1024.104,0.10188799723982811
52.162.0.1024.108,0.09984000027179718
52.162.0.1024.112,0.10035199671983719
52.162.0.1024.116,0.09881599992513657
52.162.0.1024.120,0.09983999654650688
52.162.0.1024.124,0.09881599992513657
52.162.0.1024.128,0.09932799637317657
52.162.0.1024.136,0.10342399775981903
52.162.0.1024.144,0.09983999654650688
52.162.0.1024.152,0.1008639968931675
52.162.0.1024.160,0.10035199671983719
52.162.0.1024.168,0.10239999741315842
52.162.0.1024.176,0.1013759970664978
52.162.0.1024.184,0.10239999741315842
52.162.0.1024.192,0.09983999654650688
52.162.0.1024.200,0.10291199758648872
52.162.0.1024.208,0.09932800009846687
52.162.0.1024.216,0.10291199758648872
52.162.0.1024.224,0.09983999654650688
52.162.0.1024.232,0.10342399775981903
52.162.0.1024.240,0.1013759970664978
52.162.0.1024.248,0.10291199758648872
52.162.0.1024.256,0.10291199758648872
52.162.0.1024.272,0.10495999827980995
52.162.0.1024.288,0.1008639968931675
52.162.0.1024.304,0.09932800009846687
52.162.0.1024.320,0.1008639968931675
52.162.0.1024.336,0.1013759970664978
52.162.0.1024.352,0.10239999741315842
52.162.0.1024.368,0.09983999654650688
52.162.0.1024.384,0.09932799637317657
52.162.0.1024.416,0.1013759970664978
52.162.0.1024.448,0.10035199671983719
52.162.0.1024.480,0.10035199671983719
52.162.0.1024.512,0.09932799637317657
52.162.0.1024.576,0.09881599992513657
52.162.0.1024.640,0.1008640006184578
52.162.0.1024.704,0.09881599992513657
52.162.0.1024.768,0.1008639968931675
52.162.0.1024.832,0.09728000313043594
52.162.0.1024.896,0.09676800295710564
52.162.0.1024.960,0.09625600278377533
52.162.0.1024.1024,0.09728000313043594
52.162.1.1.1,0.11008000001311302
52.162.1.1.2,0.10342399775981903
52.162.1.1.4,0.10342399775981903
52.162.1.1.8,0.10444799810647964
52.162.1.1.12,0.10700799897313118
52.162.1.1.16,0.10700799897313118
52.162.1.1.20,0.1085439994931221
52.162.1.1.24,0.10393599793314934
52.162.1.1.28,0.10649599879980087
52.162.1.1.32,0.10905599966645241
52.162.1.1.36,0.10649599879980087
52.162.1.1.40,0.10905599966645241
52.162.1.1.44,0.10905599966645241
52.162.1.1.48,0.10905599966645241
52.162.1.1.52,0.1085439994931221
52.162.1.1.56,0.10700799897313118
52.162.1.1.60,0.10649599879980087
52.162.1.1.64,0.11161600053310394
52.162.1.1.68,0.10700799897313118
52.162.1.1.72,0.10751999914646149
52.162.1.1.76,0.1080319993197918
52.162.1.1.80,0.11059200018644333
52.162.1.1.84,0.11059200018644333
52.162.1.1.88,0.10956799983978271
52.162.1.1.92,0.10598399862647057
52.162.1.1.96,0.10547199845314026
52.162.1.1.100,0.1080319993197918
52.162.1.1.104,0.11008000001311302
52.162.1.1.108,0.10547199845314026
52.162.1.1.112,0.10751999914646149
52.162.1.1.116,0.10751999914646149
52.162.1.1.120,0.11110400035977364
52.162.1.1.124,0.10649599879980087
52.162.1.1.128,0.10700799897313118
52.162.1.1.136,0.10751999914646149
52.162.1.1.144,0.10547199845314026
52.162.1.1.152,0.10751999914646149
52.162.1.1.160,0.11008000001311302
52.162.1.1.168,0.11008000001311302
52.162.1.1.176,0.10751999914646149
52.162.1.1.184,0.10751999914646149
52.162.1.1.192,0.10956799983978271
52.162.1.1.200,0.10956799983978271
52.162.1.1.208,0.10751999914646149
52.162.1.1.216,0.10649599879980087
52.162.1.1.224,0.11059200018644333
52.162.1.1.232,0.10700799897313118
52.162.1.1.240,0.10956799983978271
52.162.1.1.248,0.10393599793314934
52.162.1.1.256,0.1085439994931221
52.162.1.1.272,0.10956799983978271
52.162.1.1.288,0.10905599966645241
52.162.1.1.304,0.10598399862647057
52.162.1.1.320,0.10547199845314026
52.162.1.1.336,0.10393599793314934
52.162.1.1.352,0.10649599879980087
52.162.1.1.368,0.10444799810647964
52.162.1.1.384,0.10905599966645241
52.162.1.1.416,0.1085439994931221
52.162.1.1.448,0.11008000001311302
52.162.1.1.480,0.10649599879980087
52.162.1.1.512,0.10905599966645241
52.162.1.1.576,0.10547199845314026
52.162.1.1.640,0.10547199845314026
52.162.1.1.704,0.1085439994931221
52.162.1.1.768,0.10700799897313118
52.162.1.1.832,0.10598399862647057
52.162.1.1.896,0.10956799983978271
52.162.1.1.960,0.10956799983978271
52.162.1.1.1024,0.10905599966645241
52.162.1.2.1,0.1085439994931221
52.162.1.2.2,0.10035199671983719
52.162.1.2.4,0.09830400347709656
52.162.1.2.8,0.1013759970664978
52.162.1.2.12,0.10700799897313118
52.162.1.2.16,0.10239999741315842
52.162.1.2.20,0.09881599992513657
52.162.1.2.24,0.09932800009846687
52.162.1.2.28,0.1013759970664978
52.162.1.2.32,0.10751999914646149
52.162.1.2.36,0.09881599992513657
52.162.1.2.40,0.1013759970664978
52.162.1.2.44,0.09830400347709656
52.162.1.2.48,0.10035199671983719
52.162.1.2.52,0.09779200330376625
52.162.1.2.56,0.10598399862647057
52.162.1.2.60,0.09830400347709656
52.162.1.2.64,0.09830400347709656
52.162.1.2.68,0.09881599992513657
52.162.1.2.72,0.09932799637317657
52.162.1.2.76,0.10188799723982811
52.162.1.2.80,0.09625600278377533
52.162.1.2.84,0.10342399775981903
52.162.1.2.88,0.09932800009846687
52.162.1.2.92,0.09676800295710564
52.162.1.2.96,0.09676800295710564
52.162.1.2.100,0.09625600278377533
52.162.1.2.104,0.09574400261044502
52.162.1.2.108,0.09523200243711472
52.162.1.2.112,0.09881599992513657
52.162.1.2.116,0.09779200330376625
52.162.1.2.120,0.09523200243711472
52.162.1.2.124,0.09830400347709656
52.162.1.2.128,0.09881599992513657
52.162.1.2.136,0.09881599992513657
52.162.1.2.144,0.09983999654650688
52.162.1.2.152,0.10547199845314026
52.162.1.2.160,0.09574400261044502
52.162.1.2.168,0.09625600278377533
52.162.1.2.176,0.09830400347709656
52.162.1.2.184,0.10035199671983719
52.162.1.2.192,0.09779200330376625
52.162.1.2.200,0.09830400347709656
52.162.1.2.208,0.10700799897313118
52.162.1.2.216,0.10188799723982811
52.162.1.2.224,0.10035199671983719
52.162.1.2.232,0.10649599879980087
52.162.1.2.240,0.09779200330376625
52.162.1.2.248,0.10495999827980995
52.162.1.2.256,0.10751999914646149
52.162.1.2.272,0.09728000313043594
52.162.1.2.288,0.10700799897313118
52.162.1.2.304,0.09932799637317657
52.162.1.2.320,0.09830400347709656
52.162.1.2.336,0.1008639968931675
52.162.1.2.352,0.10188799723982811
52.162.1.2.368,0.1085439994931221
52.162.1.2.384,0.09881599992513657
52.162.1.2.416,0.09625600278377533
52.162.1.2.448,0.10495999827980995
52.162.1.2.480,0.09830399975180626
52.162.1.2.512,0.1013759970664978
52.162.1.2.576,0.10547199845314026
52.162.1.2.640,0.10905599966645241
52.162.1.2.704,0.10547199845314026
52.162.1.2.768,0.09881599992513657
52.162.1.2.832,0.10239999741315842
52.162.1.2.896,0.09779200330376625
52.162.1.2.960,0.09779200330376625
52.162.1.2.1024,0.09625600278377533
52.162.1.4.1,0.11776000261306763
52.162.1.4.2,0.09984000027179718
52.162.1.4.4,0.09523200243711472
52.162.1.4.8,0.09728000313043594
52.162.1.4.12,0.09625600278377533
52.162.1.4.16,0.09830400347709656
52.162.1.4.20,0.09984000027179718
52.162.1.4.24,0.10598399862647057
52.162.1.4.28,0.09881599992513657
52.162.1.4.32,0.10291199758648872
52.162.1.4.36,0.09625600278377533
52.162.1.4.40,0.09625600278377533
52.162.1.4.44,0.09932799637317657
52.162.1.4.48,0.09779200330376625
52.162.1.4.52,0.09625600278377533
52.162.1.4.56,0.09676800295710564
52.162.1.4.60,0.09625600278377533
52.162.1.4.64,0.09983999654650688
52.162.1.4.68,0.09932799637317657
52.162.1.4.72,0.09625600278377533
52.162.1.4.76,0.09932799637317657
52.162.1.4.80,0.09676800295710564
52.162.1.4.84,0.10342399775981903
52.162.1.4.88,0.10598399862647057
52.162.1.4.92,0.10700799897313118
52.162.1.4.96,0.09728000313043594
52.162.1.4.100,0.1008639968931675
52.162.1.4.104,0.10956799983978271
52.162.1.4.108,0.09932799637317657
52.162.1.4.112,0.10035199671983719
52.162.1.4.116,0.10649599879980087
52.162.1.4.120,0.10291199758648872
52.162.1.4.124,0.10495999827980995
52.162.1.4.128,0.09676800295710564
52.162.1.4.136,0.09676800295710564
52.162.1.4.144,0.09779200330376625
52.162.1.4.152,0.10188799723982811
52.162.1.4.160,0.09932800009846687
52.162.1.4.168,0.09983999654650688
52.162.1.4.176,0.09779200330376625
52.162.1.4.184,0.09676800295710564
52.162.1.4.192,0.09779200330376625
52.162.1.4.200,0.09932800009846687
52.162.1.4.208,0.09932799637317657
52.162.1.4.216,0.09932800009846687
52.162.1.4.224,0.09472000226378441
52.162.1.4.232,0.09830399975180626
52.162.1.4.240,0.09830399975180626
52.162.1.4.248,0.09728000313043594
52.162.1.4.256,0.10598399862647057
52.162.1.4.272,0.09625600278377533
52.162.1.4.288,0.09830399975180626
52.162.1.4.304,0.09932800009846687
52.162.1.4.320,0.09830399975180626
52.162.1.4.336,0.09983999654650688
52.162.1.4.352,0.09984000027179718
52.162.1.4.368,0.10035199671983719
52.162.1.4.384,0.1008640006184578
52.162.1.4.416,0.09932800009846687
52.162.1.4.448,0.10291199758648872
52.162.1.4.480,0.09830399975180626
52.162.1.4.512,0.09574400261044502
52.162.1.4.576,0.09932800009846687
52.162.1.4.640,0.09625600278377533
52.162.1.4.704,0.09881599992513657
52.162.1.4.768,0.10956799983978271
52.162.1.4.832,0.10598399862647057
52.162.1.4.896,0.10649599879980087
52.162.1.4.960,0.09625600278377533
52.162.1.4.1024,0.10649599879980087
52.162.1.8.1,0.11724800243973732
52.162.1.8.2,0.09728000313043594
52.162.1.8.4,0.09932800009846687
52.162.1.8.8,0.09779200330376625
52.162.1.8.12,0.09574400261044502
52.162.1.8.16,0.09676800295710564
52.162.1.8.20,0.09779200330376625
52.162.1.8.24,0.09625600278377533
52.162.1.8.28,0.09830400347709656
52.162.1.8.32,0.09779200330376625
52.162.1.8.36,0.09932800009846687
52.162.1.8.40,0.09881599992513657
52.162.1.8.44,0.09728000313043594
52.162.1.8.48,0.10035199671983719
52.162.1.8.52,0.09676800295710564
52.162.1.8.56,0.09728000313043594
52.162.1.8.60,0.1008639968931675
52.162.1.8.64,0.10239999741315842
52.162.1.8.68,0.09625600278377533
52.162.1.8.72,0.09983999654650688
52.162.1.8.76,0.10035200044512749
52.162.1.8.80,0.09779199957847595
52.162.1.8.84,0.09728000313043594
52.162.1.8.88,0.10035200044512749
52.162.1.8.92,0.09932799637317657
52.162.1.8.96,0.09881599992513657
52.162.1.8.100,0.09932800009846687
52.162.1.8.104,0.09932799637317657
52.162.1.8.108,0.10495999827980995
52.162.1.8.112,0.09932800009846687
52.162.1.8.116,0.09932800009846687
52.162.1.8.120,0.09728000313043594
52.162.1.8.124,0.09881599992513657
52.162.1.8.128,0.09983999654650688
52.162.1.8.136,0.09984000027179718
52.162.1.8.144,0.09932800009846687
52.162.1.8.152,0.09830400347709656
52.162.1.8.160,0.09625600278377533
52.162.1.8.168,0.09932800009846687
52.162.1.8.176,0.1013759970664978
52.162.1.8.184,0.09676800295710564
52.162.1.8.192,0.09625600278377533
52.162.1.8.200,0.09728000313043594
52.162.1.8.208,0.09830399975180626
52.162.1.8.216,0.09830399975180626
52.162.1.8.224,0.09779200330376625
52.162.1.8.232,0.09676800295710564
52.162.1.8.240,0.09830400347709656
52.162.1.8.248,0.09881599992513657
52.162.1.8.256,0.09932799637317657
52.162.1.8.272,0.09625600278377533
52.162.1.8.288,0.10239999741315842
52.162.1.8.304,0.10035199671983719
52.162.1.8.320,0.10188799723982811
52.162.1.8.336,0.09676800295710564
52.162.1.8.352,0.09779200330376625
52.162.1.8.368,0.09779200330376625
52.162.1.8.384,0.09676800295710564
52.162.1.8.416,0.09983999654650688
52.162.1.8.448,0.10035200044512749
52.162.1.8.480,0.10188799723982811
52.162.1.8.512,0.1008639968931675
52.162.1.8.576,0.09830400347709656
52.162.1.8.640,0.09574400261044502
52.162.1.8.704,0.09983999654650688
52.162.1.8.768,0.09779200330376625
52.162.1.8.832,0.10035199671983719
52.162.1.8.896,0.10035200044512749
52.162.1.8.960,0.10035199671983719
52.162.1.8.1024,0.09779200330376625
52.162.1.12.1,0.11929599940776825
52.162.1.12.2,0.09830400347709656
52.162.1.12.4,0.09728000313043594
52.162.1.12.8,0.10188799723982811
52.162.1.12.12,0.09830400347709656
52.162.1.12.16,0.09625600278377533
52.162.1.12.20,0.09728000313043594
52.162.1.12.24,0.10035199671983719
52.162.1.12.28,0.10700799897313118
52.162.1.12.32,0.09830399975180626
52.162.1.12.36,0.09779200330376625
52.162.1.12.40,0.09625600278377533
52.162.1.12.44,0.09779199957847595
52.162.1.12.48,0.09830400347709656
52.162.1.12.52,0.09779200330376625
52.162.1.12.56,0.09983999654650688
52.162.1.12.60,0.09625600278377533
52.162.1.12.64,0.09523200243711472
52.162.1.12.68,0.09728000313043594
52.162.1.12.72,0.09574400261044502
52.162.1.12.76,0.09625600278377533
52.162.1.12.80,0.09983999654650688
52.162.1.12.84,0.09625600278377533
52.162.1.12.88,0.1013759970664978
52.162.1.12.92,0.09830400347709656
52.162.1.12.96,0.09728000313043594
52.162.1.12.100,0.09728000313043594
52.162.1.12.104,0.09830399975180626
52.162.1.12.108,0.09779199957847595
52.162.1.12.112,0.09779200330376625
52.162.1.12.116,0.10649599879980087
52.162.1.12.120,0.09728000313043594
52.162.1.12.124,0.09728000313043594
52.162.1.12.128,0.09881599992513657
52.162.1.12.136,0.0942080020904541
52.162.1.12.144,0.10188799723982811
52.162.1.12.152,0.09676800295710564
52.162.1.12.160,0.09984000027179718
52.162.1.12.168,0.1013759970664978
52.162.1.12.176,0.11366400122642517
52.162.1.12.184,0.10751999914646149
52.162.1.12.192,0.10188799723982811
52.162.1.12.200,0.09830399975180626
52.162.1.12.208,0.09676800295710564
52.162.1.12.216,0.09728000313043594
52.162.1.12.224,0.09625600278377533
52.162.1.12.232,0.09523200243711472
52.162.1.12.240,0.10035199671983719
52.162.1.12.248,0.10598399862647057
52.162.1.12.256,0.10547199845314026
52.162.1.12.272,0.09983999654650688
52.162.1.12.288,0.09625600278377533
52.162.1.12.304,0.09625600278377533
52.162.1.12.320,0.09574400261044502
52.162.1.12.336,0.10598399862647057
52.162.1.12.352,0.09881599992513657
52.162.1.12.368,0.09932800009846687
52.162.1.12.384,0.09983999654650688
52.162.1.12.416,0.09625600278377533
52.162.1.12.448,0.09830399975180626
52.162.1.12.480,0.10239999741315842
52.162.1.12.512,0.1013759970664978
52.162.1.12.576,0.09932800009846687
52.162.1.12.640,0.09523200243711472
52.162.1.12.704,0.09830400347709656
52.162.1.12.768,0.09625600278377533
52.162.1.12.832,0.09932800009846687
52.162.1.12.896,0.10649599879980087
52.162.1.12.960,0.09830399975180626
52.162.1.12.1024,0.09932800009846687
52.162.1.16.1,0.11315200105309486
52.162.1.16.2,0.09830400347709656
52.162.1.16.4,0.09779200330376625
52.162.1.16.8,0.09472000226378441
52.162.1.16.12,0.1008639968931675
52.162.1.16.16,0.09574400261044502
52.162.1.16.20,0.10291199758648872
52.162.1.16.24,0.09830400347709656
52.162.1.16.28,0.09984000027179718
52.162.1.16.32,0.09932800009846687
52.162.1.16.36,0.10239999741315842
52.162.1.16.40,0.1008639968931675
52.162.1.16.44,0.1013759970664978
52.162.1.16.48,0.1013759970664978
52.162.1.16.52,0.09574400261044502
52.162.1.16.56,0.09625600278377533
52.162.1.16.60,0.09676800295710564
52.162.1.16.64,0.09574400261044502
52.162.1.16.68,0.09523200243711472
52.162.1.16.72,0.09932800009846687
52.162.1.16.76,0.09932800009846687
52.162.1.16.80,0.09830399975180626
52.162.1.16.84,0.11059200018644333
52.162.1.16.88,0.09779200330376625
52.162.1.16.92,0.09932799637317657
52.162.1.16.96,0.09881599992513657
52.162.1.16.100,0.10649599879980087
52.162.1.16.104,0.09830400347709656
52.162.1.16.108,0.09779199957847595
52.162.1.16.112,0.09779200330376625
52.162.1.16.116,0.09728000313043594
52.162.1.16.120,0.09625600278377533
52.162.1.16.124,0.09676800295710564
52.162.1.16.128,0.09983999654650688
52.162.1.16.136,0.1008639968931675
52.162.1.16.144,0.09881599992513657
52.162.1.16.152,0.09983999654650688
52.162.1.16.160,0.09779200330376625
52.162.1.16.168,0.09728000313043594
52.162.1.16.176,0.09881599992513657
52.162.1.16.184,0.10188799723982811
52.162.1.16.192,0.09984000027179718
52.162.1.16.200,0.09779200330376625
52.162.1.16.208,0.1013759970664978
52.162.1.16.216,0.10035200044512749
52.162.1.16.224,0.09728000313043594
52.162.1.16.232,0.09830400347709656
52.162.1.16.240,0.09983999654650688
52.162.1.16.248,0.09932800009846687
52.162.1.16.256,0.09574400261044502
52.162.1.16.272,0.09625600278377533
52.162.1.16.288,0.09676800295710564
52.162.1.16.304,0.09779200330376625
52.162.1.16.320,0.09983999654650688
52.162.1.16.336,0.09625600278377533
52.162.1.16.352,0.10035199671983719
52.162.1.16.368,0.09881599992513657
52.162.1.16.384,0.09728000313043594
52.162.1.16.416,0.09932800009846687
52.162.1.16.448,0.09676800295710564
52.162.1.16.480,0.09728000313043594
52.162.1.16.512,0.09932800009846687
52.162.1.16.576,0.09932799637317657
52.162.1.16.640,0.09779200330376625
52.162.1.16.704,0.09728000313043594
52.162.1.16.768,0.09728000313043594
52.162.1.16.832,0.09830400347709656
52.162.1.16.896,0.09728000313043594
52.162.1.16.960,0.10035199671983719
52.162.1.16.1024,0.09881599992513657
52.162.1.20.1,0.10751999914646149
52.162.1.20.2,0.09830399975180626
52.162.1.20.4,0.10239999741315842
52.162.1.20.8,0.10188799723982811
52.162.1.20.12,0.09830400347709656
52.162.1.20.16,0.1013759970664978
52.162.1.20.20,0.09676800295710564
52.162.1.20.24,0.09881599992513657
52.162.1.20.28,0.09625600278377533
52.162.1.20.32,0.09830400347709656
52.162.1.20.36,0.10700799897313118
52.162.1.20.40,0.10547199845314026
52.162.1.20.44,0.1013759970664978
52.162.1.20.48,0.09932799637317657
52.162.1.20.52,0.09983999654650688
52.162.1.20.56,0.10342399775981903
52.162.1.20.60,0.09984000027179718
52.162.1.20.64,0.1008639968931675
52.162.1.20.68,0.09830399975180626
52.162.1.20.72,0.09881599992513657
52.162.1.20.76,0.09779200330376625
52.162.1.20.80,0.09932800009846687
52.162.1.20.84,0.09728000313043594
52.162.1.20.88,0.09830400347709656
52.162.1.20.92,0.09830399975180626
52.162.1.20.96,0.10035200044512749
52.162.1.20.100,0.09881599992513657
52.162.1.20.104,0.09676800295710564
52.162.1.20.108,0.09779200330376625
52.162.1.20.112,0.10188799723982811
52.162.1.20.116,0.09779200330376625
52.162.1.20.120,0.09932800009846687
52.162.1.20.124,0.09830400347709656
52.162.1.20.128,0.09932800009846687
52.162.1.20.136,0.10035199671983719
52.162.1.20.144,0.09625600278377533
52.162.1.20.152,0.09881599992513657
52.162.1.20.160,0.09676800295710564
52.162.1.20.168,0.09574400261044502
52.162.1.20.176,0.09830400347709656
52.162.1.20.184,0.1013759970664978
52.162.1.20.192,0.09932799637317657
52.162.1.20.200,0.09676800295710564
52.162.1.20.208,0.09932800009846687
52.162.1.20.216,0.09983999654650688
52.162.1.20.224,0.10035199671983719
52.162.1.20.232,0.10239999741315842
52.162.1.20.240,0.09728000313043594
52.162.1.20.248,0.09830400347709656
52.162.1.20.256,0.09881599992513657
52.162.1.20.272,0.09830400347709656
52.162.1.20.288,0.09830400347709656
52.162.1.20.304,0.09932800009846687
52.162.1.20.320,0.1080319993197918
52.162.1.20.336,0.1013759970664978
52.162.1.20.352,0.09830400347709656
52.162.1.20.368,0.09881599992513657
52.162.1.20.384,0.10495999827980995
52.162.1.20.416,0.09676800295710564
52.162.1.20.448,0.09728000313043594
52.162.1.20.480,0.09676800295710564
52.162.1.20.512,0.09728000313043594
52.162.1.20.576,0.09779200330376625
52.162.1.20.640,0.10444799810647964
52.162.1.20.704,0.09574400261044502
52.162.1.20.768,0.09676800295710564
52.162.1.20.832,0.09625600278377533
52.162.1.20.896,0.09728000313043594
52.162.1.20.960,0.10495999827980995
52.162.1.20.1024,0.11008000001311302
52.162.1.24.1,0.10444799810647964
52.162.1.24.2,0.09523200243711472
52.162.1.24.4,0.09625600278377533
52.162.1.24.8,0.10342399775981903
52.162.1.24.12,0.09881599992513657
52.162.1.24.16,0.09728000313043594
52.162.1.24.20,0.09779200330376625
52.162.1.24.24,0.09625600278377533
52.162.1.24.28,0.09676800295710564
52.162.1.24.32,0.1013759970664978
52.162.1.24.36,0.1008639968931675
52.162.1.24.40,0.09779200330376625
52.162.1.24.44,0.10035199671983719
52.162.1.24.48,0.0936960019171238
52.162.1.24.52,0.09676800295710564
52.162.1.24.56,0.09779200330376625
52.162.1.24.60,0.09830400347709656
52.162.1.24.64,0.09881599992513657
52.162.1.24.68,0.09523200243711472
52.162.1.24.72,0.09830399975180626
52.162.1.24.76,0.09830400347709656
52.162.1.24.80,0.09676800295710564
52.162.1.24.84,0.10188799723982811
52.162.1.24.88,0.09830399975180626
52.162.1.24.92,0.1008639968931675
52.162.1.24.96,0.09830400347709656
52.162.1.24.100,0.09984000027179718
52.162.1.24.104,0.09830399975180626
52.162.1.24.108,0.10547199845314026
52.162.1.24.112,0.09983999654650688
52.162.1.24.116,0.1013759970664978
52.162.1.24.120,0.10239999741315842
52.162.1.24.124,0.09676800295710564
52.162.1.24.128,0.10035199671983719
52.162.1.24.136,0.09830400347709656
52.162.1.24.144,0.1008639968931675
52.162.1.24.152,0.09830399975180626
52.162.1.24.160,0.09779200330376625
52.162.1.24.168,0.09779200330376625
52.162.1.24.176,0.09830400347709656
52.162.1.24.184,0.09983999654650688
52.162.1.24.192,0.09932800009846687
52.162.1.24.200,0.09881599992513657
52.162.1.24.208,0.09728000313043594
52.162.1.24.216,0.09625600278377533
52.162.1.24.224,0.09779200330376625
52.162.1.24.232,0.09983999654650688
52.162.1.24.240,0.09728000313043594
52.162.1.24.248,0.09779200330376625
52.162.1.24.256,0.09625600278377533
52.162.1.24.272,0.09932800009846687
52.162.1.24.288,0.09881599992513657
52.162.1.24.304,0.09932800009846687
52.162.1.24.320,0.09830399975180626
52.162.1.24.336,0.09728000313043594
52.162.1.24.352,0.09625600278377533
52.162.1.24.368,0.09728000313043594
52.162.1.24.384,0.1008639968931675
52.162.1.24.416,0.09676800295710564
52.162.1.24.448,0.09830400347709656
52.162.1.24.480,0.09625600278377533
52.162.1.24.512,0.09932800009846687
52.162.1.24.576,0.09983999654650688
52.162.1.24.640,0.10188799723982811
52.162.1.24.704,0.09625600278377533
52.162.1.24.768,0.10547199845314026
52.162.1.24.832,0.09830399975180626
52.162.1.24.896,0.09881599992513657
52.162.1.24.960,0.09779200330376625
52.162.1.24.1024,0.10188799723982811
52.162.1.28.1,0.10905599966645241
52.162.1.28.2,0.09932799637317657
52.162.1.28.4,0.09881599992513657
52.162.1.28.8,0.09983999654650688
52.162.1.28.12,0.10495999827980995
52.162.1.28.16,0.10598399862647057
52.162.1.28.20,0.10342399775981903
52.162.1.28.24,0.09881599992513657
52.162.1.28.28,0.1080319993197918
52.162.1.28.32,0.09523200243711472
52.162.1.28.36,0.09676800295710564
52.162.1.28.40,0.09779200330376625
52.162.1.28.44,0.09728000313043594
52.162.1.28.48,0.09830400347709656
52.162.1.28.52,0.09983999654650688
52.162.1.28.56,0.09932800009846687
52.162.1.28.60,0.09625600278377533
52.162.1.28.64,0.09779200330376625
52.162.1.28.68,0.09625600278377533
52.162.1.28.72,0.09676800295710564
52.162.1.28.76,0.09676800295710564
52.162.1.28.80,0.10751999914646149
52.162.1.28.84,0.10598399862647057
52.162.1.28.88,0.09676800295710564
52.162.1.28.92,0.09881599992513657
52.162.1.28.96,0.09728000313043594
52.162.1.28.100,0.09779199957847595
52.162.1.28.104,0.09779200330376625
52.162.1.28.108,0.09830400347709656
52.162.1.28.112,0.09728000313043594
52.162.1.28.116,0.10495999827980995
52.162.1.28.120,0.09983999654650688
52.162.1.28.124,0.09676800295710564
52.162.1.28.128,0.10188799723982811
52.162.1.28.136,0.09881599992513657
52.162.1.28.144,0.1013759970664978
52.162.1.28.152,0.09523200243711472
52.162.1.28.160,0.10188799723982811
52.162.1.28.168,0.09676800295710564
52.162.1.28.176,0.09830399975180626
52.162.1.28.184,0.09625600278377533
52.162.1.28.192,0.09472000226378441
52.162.1.28.200,0.1008639968931675
52.162.1.28.208,0.10547199845314026
52.162.1.28.216,0.09983999654650688
52.162.1.28.224,0.09625600278377533
52.162.1.28.232,0.09523200243711472
52.162.1.28.240,0.09574400261044502
52.162.1.28.248,0.09932800009846687
52.162.1.28.256,0.10239999741315842
52.162.1.28.272,0.09676800295710564
52.162.1.28.288,0.09830399975180626
52.162.1.28.304,0.09728000313043594
52.162.1.28.320,0.09830400347709656
52.162.1.28.336,0.10598399862647057
52.162.1.28.352,0.10495999827980995
52.162.1.28.368,0.09523200243711472
52.162.1.28.384,0.09728000313043594
52.162.1.28.416,0.09932800009846687
52.162.1.28.448,0.09983999654650688
52.162.1.28.480,0.09676800295710564
52.162.1.28.512,0.09676800295710564
52.162.1.28.576,0.09625600278377533
52.162.1.28.640,0.09830399975180626
52.162.1.28.704,0.10598399862647057
52.162.1.28.768,0.09728000313043594
52.162.1.28.832,0.09472000226378441
52.162.1.28.896,0.1085439994931221
52.162.1.28.960,0.09728000313043594
52.162.1.28.1024,0.1080319993197918
52.162.1.32.1,0.10700799897313118
52.162.1.32.2,0.09728000313043594
52.162.1.32.4,0.09779200330376625
52.162.1.32.8,0.09676800295710564
52.162.1.32.12,0.1008639968931675
52.162.1.32.16,0.09779200330376625
52.162.1.32.20,0.09830399975180626
52.162.1.32.24,0.09932799637317657
52.162.1.32.28,0.09932800009846687
52.162.1.32.32,0.10035199671983719
52.162.1.32.36,0.09983999654650688
52.162.1.32.40,0.09881599992513657
52.162.1.32.44,0.09779200330376625
52.162.1.32.48,0.09676800295710564
52.162.1.32.52,0.09779200330376625
52.162.1.32.56,0.10035199671983719
52.162.1.32.60,0.09779200330376625
52.162.1.32.64,0.09728000313043594
52.162.1.32.68,0.09830400347709656
52.162.1.32.72,0.10188799723982811
52.162.1.32.76,0.09779200330376625
52.162.1.32.80,0.09983999654650688
52.162.1.32.84,0.09728000313043594
52.162.1.32.88,0.09881599992513657
52.162.1.32.92,0.09779200330376625
52.162.1.32.96,0.09728000313043594
52.162.1.32.100,0.10035199671983719
52.162.1.32.104,0.09625600278377533
52.162.1.32.108,0.09881599992513657
52.162.1.32.112,0.09830400347709656
52.162.1.32.116,0.09932800009846687
52.162.1.32.120,0.09830400347709656
52.162.1.32.124,0.09523200243711472
52.162.1.32.128,0.1008639968931675
52.162.1.32.136,0.09932799637317657
52.162.1.32.144,0.09984000027179718
52.162.1.32.152,0.1008639968931675
52.162.1.32.160,0.09779200330376625
52.162.1.32.168,0.09779200330376625
52.162.1.32.176,0.09881599992513657
52.162.1.32.184,0.09625600278377533
52.162.1.32.192,0.09728000313043594
52.162.1.32.200,0.09728000313043594
52.162.1.32.208,0.09983999654650688
52.162.1.32.216,0.09983999654650688
52.162.1.32.224,0.09830400347709656
52.162.1.32.232,0.09932799637317657
52.162.1.32.240,0.09472000226378441
52.162.1.32.248,0.10188799723982811
52.162.1.32.256,0.10035199671983719
52.162.1.32.272,0.0942080020904541
52.162.1.32.288,0.09830400347709656
52.162.1.32.304,0.09728000313043594
52.162.1.32.320,0.09932799637317657
52.162.1.32.336,0.09676800295710564
52.162.1.32.352,0.09779200330376625
52.162.1.32.368,0.09932799637317657
52.162.1.32.384,0.09830399975180626
52.162.1.32.416,0.09983999654650688
52.162.1.32.448,0.09728000313043594
52.162.1.32.480,0.09932800009846687
52.162.1.32.512,0.09625600278377533
52.162.1.32.576,0.09881599992513657
52.162.1.32.640,0.09676800295710564
52.162.1.32.704,0.09728000313043594
52.162.1.32.768,0.09779200330376625
52.162.1.32.832,0.09932800009846687
52.162.1.32.896,0.09983999654650688
52.162.1.32.960,0.09472000226378441
52.162.1.32.1024,0.09830400347709656
52.162.1.36.1,0.10751999914646149
52.162.1.36.2,0.09728000313043594
52.162.1.36.4,0.09625600278377533
52.162.1.36.8,0.09728000313043594
52.162.1.36.12,0.10700799897313118
52.162.1.36.16,0.10649599879980087
52.162.1.36.20,0.09625600278377533
52.162.1.36.24,0.09728000313043594
52.162.1.36.28,0.09676800295710564
52.162.1.36.32,0.09574400261044502
52.162.1.36.36,0.09676800295710564
52.162.1.36.40,0.09472000226378441
52.162.1.36.44,0.09779200330376625
52.162.1.36.48,0.09779199957847595
52.162.1.36.52,0.10905599966645241
52.162.1.36.56,0.10495999827980995
52.162.1.36.60,0.09676800295710564
52.162.1.36.64,0.09676800295710564
52.162.1.36.68,0.09728000313043594
52.162.1.36.72,0.09676800295710564
52.162.1.36.76,0.09728000313043594
52.162.1.36.80,0.1008639968931675
52.162.1.36.84,0.09932800009846687
52.162.1.36.88,0.09779200330376625
52.162.1.36.92,0.1008639968931675
52.162.1.36.96,0.09881599992513657
52.162.1.36.100,0.09728000313043594
52.162.1.36.104,0.09779200330376625
52.162.1.36.108,0.09676800295710564
52.162.1.36.112,0.09932800009846687
52.162.1.36.116,0.09830399975180626
52.162.1.36.120,0.09728000313043594
52.162.1.36.124,0.09625600278377533
52.162.1.36.128,0.09779200330376625
52.162.1.36.136,0.09676800295710564
52.162.1.36.144,0.09728000313043594
52.162.1.36.152,0.09779200330376625
52.162.1.36.160,0.09625600278377533
52.162.1.36.168,0.11059200018644333
52.162.1.36.176,0.10444799810647964
52.162.1.36.184,0.09728000313043594
52.162.1.36.192,0.09881599992513657
52.162.1.36.200,0.09779200330376625
52.162.1.36.208,0.09625600278377533
52.162.1.36.216,0.10393599793314934
52.162.1.36.224,0.09881599992513657
52.162.1.36.232,0.09676800295710564
52.162.1.36.240,0.09574400261044502
52.162.1.36.248,0.09830400347709656
52.162.1.36.256,0.09932800009846687
52.162.1.36.272,0.09728000313043594
52.162.1.36.288,0.09676800295710564
52.162.1.36.304,0.09728000313043594
52.162.1.36.320,0.09779200330376625
52.162.1.36.336,0.10495999827980995
52.162.1.36.352,0.09830399975180626
52.162.1.36.368,0.09779200330376625
52.162.1.36.384,0.09830400347709656
52.162.1.36.416,0.09932799637317657
52.162.1.36.448,0.09472000226378441
52.162.1.36.480,0.09830400347709656
52.162.1.36.512,0.10547199845314026
52.162.1.36.576,0.09728000313043594
52.162.1.36.640,0.09932800009846687
52.162.1.36.704,0.09881599992513657
52.162.1.36.768,0.09728000313043594
52.162.1.36.832,0.09932799637317657
52.162.1.36.896,0.09625600278377533
52.162.1.36.960,0.0942080020904541
52.162.1.36.1024,0.09676800295710564
52.162.1.40.1,0.10649599879980087
52.162.1.40.2,0.09676800295710564
52.162.1.40.4,0.09830400347709656
52.162.1.40.8,0.09574400261044502
52.162.1.40.12,0.09523200243711472
52.162.1.40.16,0.09676800295710564
52.162.1.40.20,0.09830399975180626
52.162.1.40.24,0.1013759970664978
52.162.1.40.28,0.09932800009846687
52.162.1.40.32,0.09830399975180626
52.162.1.40.36,0.10444799810647964
52.162.1.40.40,0.09984000027179718
52.162.1.40.44,0.09523200243711472
52.162.1.40.48,0.09881599992513657
52.162.1.40.52,0.09676800295710564
52.162.1.40.56,0.09830400347709656
52.162.1.40.60,0.09983999654650688
52.162.1.40.64,0.09625600278377533
52.162.1.40.68,0.10035199671983719
52.162.1.40.72,0.09728000313043594
52.162.1.40.76,0.09932800009846687
52.162.1.40.80,0.09830399975180626
52.162.1.40.84,0.09625600278377533
52.162.1.40.88,0.09625600278377533
52.162.1.40.92,0.09779200330376625
52.162.1.40.96,0.09932800009846687
52.162.1.40.100,0.09983999654650688
52.162.1.40.104,0.09779200330376625
52.162.1.40.108,0.1008639968931675
52.162.1.40.112,0.09779200330376625
52.162.1.40.116,0.1008639968931675
52.162.1.40.120,0.09728000313043594
52.162.1.40.124,0.09932799637317657
52.162.1.40.128,0.09625600278377533
52.162.1.40.136,0.09881599992513657
52.162.1.40.144,0.09983999654650688
52.162.1.40.152,0.09728000313043594
52.162.1.40.160,0.09983999654650688
52.162.1.40.168,0.09779200330376625
52.162.1.40.176,0.09932800009846687
52.162.1.40.184,0.09625600278377533
52.162.1.40.192,0.09728000313043594
52.162.1.40.200,0.09983999654650688
52.162.1.40.208,0.09881599992513657
52.162.1.40.216,0.10035199671983719
52.162.1.40.224,0.09676800295710564
52.162.1.40.232,0.09984000027179718
52.162.1.40.240,0.1008639968931675
52.162.1.40.248,0.09932799637317657
52.162.1.40.256,0.09728000313043594
52.162.1.40.272,0.1013759970664978
52.162.1.40.288,0.09932800009846687
52.162.1.40.304,0.09779200330376625
52.162.1.40.320,0.09881599992513657
52.162.1.40.336,0.09779199957847595
52.162.1.40.352,0.1008639968931675
52.162.1.40.368,0.10239999741315842
52.162.1.40.384,0.09983999654650688
52.162.1.40.416,0.09830399975180626
52.162.1.40.448,0.09779200330376625
52.162.1.40.480,0.1013759970664978
52.162.1.40.512,0.10188799723982811
52.162.1.40.576,0.09779200330376625
52.162.1.40.640,0.09676800295710564
52.162.1.40.704,0.09523200243711472
52.162.1.40.768,0.09830400347709656
52.162.1.40.832,0.09728000313043594
52.162.1.40.896,0.09676800295710564
52.162.1.40.960,0.09728000313043594
52.162.1.40.1024,0.1008639968931675
52.162.1.44.1,0.10649599879980087
52.162.1.44.2,0.09779200330376625
52.162.1.44.4,0.09932799637317657
52.162.1.44.8,0.09779200330376625
52.162.1.44.12,0.09728000313043594
52.162.1.44.16,0.09728000313043594
52.162.1.44.20,0.09523200243711472
52.162.1.44.24,0.09779200330376625
52.162.1.44.28,0.09779200330376625
52.162.1.44.32,0.1080319993197918
52.162.1.44.36,0.09779200330376625
52.162.1.44.40,0.09574400261044502
52.162.1.44.44,0.09676800295710564
52.162.1.44.48,0.09574400261044502
52.162.1.44.52,0.09983999654650688
52.162.1.44.56,0.09779199957847595
52.162.1.44.60,0.10598399862647057
52.162.1.44.64,0.09728000313043594
52.162.1.44.68,0.09625600278377533
52.162.1.44.72,0.09625600278377533
52.162.1.44.76,0.09881599992513657
52.162.1.44.80,0.09728000313043594
52.162.1.44.84,0.09983999654650688
52.162.1.44.88,0.09625600278377533
52.162.1.44.92,0.1013759970664978
52.162.1.44.96,0.09779200330376625
52.162.1.44.100,0.10035199671983719
52.162.1.44.104,0.09625600278377533
52.162.1.44.108,0.10393599793314934
52.162.1.44.112,0.09830400347709656
52.162.1.44.116,0.09881599992513657
52.162.1.44.120,0.10700799897313118
52.162.1.44.124,0.1080319993197918
52.162.1.44.128,0.09625600278377533
52.162.1.44.136,0.10649599879980087
52.162.1.44.144,0.10188799723982811
52.162.1.44.152,0.09932799637317657
52.162.1.44.160,0.10035199671983719
52.162.1.44.168,0.09625600278377533
52.162.1.44.176,0.09779200330376625
52.162.1.44.184,0.09881599992513657
52.162.1.44.192,0.09625600278377533
52.162.1.44.200,0.09984000027179718
52.162.1.44.208,0.09779200330376625
52.162.1.44.216,0.09983999654650688
52.162.1.44.224,0.09984000027179718
52.162.1.44.232,0.09728000313043594
52.162.1.44.240,0.09881599992513657
52.162.1.44.248,0.10035199671983719
52.162.1.44.256,0.1080319993197918
52.162.1.44.272,0.10188799723982811
52.162.1.44.288,0.09830400347709656
52.162.1.44.304,0.09830399975180626
52.162.1.44.320,0.09574400261044502
52.162.1.44.336,0.09728000313043594
52.162.1.44.352,0.09779200330376625
52.162.1.44.368,0.09779200330376625
52.162.1.44.384,0.10751999914646149
52.162.1.44.416,0.09625600278377533
52.162.1.44.448,0.09676800295710564
52.162.1.44.480,0.09625600278377533
52.162.1.44.512,0.09728000313043594
52.162.1.44.576,0.09728000313043594
52.162.1.44.640,0.09728000313043594
52.162.1.44.704,0.09625600278377533
52.162.1.44.768,0.09830399975180626
52.162.1.44.832,0.09779200330376625
52.162.1.44.896,0.09625600278377533
52.162.1.44.960,0.09728000313043594
52.162.1.44.1024,0.09625600278377533
52.162.1.48.1,0.10649599879980087
52.162.1.48.2,0.09676800295710564
52.162.1.48.4,0.09830400347709656
52.162.1.48.8,0.10700799897313118
52.162.1.48.12,0.09881599992513657
52.162.1.48.16,0.09676800295710564
52.162.1.48.20,0.09830400347709656
52.162.1.48.24,0.09625600278377533
52.162.1.48.28,0.09779200330376625
52.162.1.48.32,0.09881599992513657
52.162.1.48.36,0.09676800295710564
52.162.1.48.40,0.09932799637317657
52.162.1.48.44,0.09625600278377533
52.162.1.48.48,0.09779200330376625
52.162.1.48.52,0.09625600278377533
52.162.1.48.56,0.09625600278377533
52.162.1.48.60,0.09779199957847595
52.162.1.48.64,0.09932799637317657
52.162.1.48.68,0.09728000313043594
52.162.1.48.72,0.09779200330376625
52.162.1.48.76,0.09779200330376625
52.162.1.48.80,0.1008639968931675
52.162.1.48.84,0.09932799637317657
52.162.1.48.88,0.09779200330376625
52.162.1.48.92,0.09728000313043594
52.162.1.48.96,0.10188799723982811
52.162.1.48.100,0.09830399975180626
52.162.1.48.104,0.09881599992513657
52.162.1.48.108,0.09625600278377533
52.162.1.48.112,0.09728000313043594
52.162.1.48.116,0.09830399975180626
52.162.1.48.120,0.09625600278377533
52.162.1.48.124,0.09728000313043594
52.162.1.48.128,0.10188799723982811
52.162.1.48.136,0.09574400261044502
52.162.1.48.144,0.09625600278377533
52.162.1.48.152,0.09779200330376625
52.162.1.48.160,0.10035199671983719
52.162.1.48.168,0.09728000313043594
52.162.1.48.176,0.09676800295710564
52.162.1.48.184,0.10035199671983719
52.162.1.48.192,0.09779199957847595
52.162.1.48.200,0.1008639968931675
52.162.1.48.208,0.09881599992513657
52.162.1.48.216,0.09625600278377533
52.162.1.48.224,0.09932800009846687
52.162.1.48.232,0.09932800009846687
52.162.1.48.240,0.09830400347709656
52.162.1.48.248,0.1013759970664978
52.162.1.48.256,0.10035199671983719
52.162.1.48.272,0.09881599992513657
52.162.1.48.288,0.09983999654650688
52.162.1.48.304,0.09728000313043594
52.162.1.48.320,0.09728000313043594
52.162.1.48.336,0.09830400347709656
52.162.1.48.352,0.10035199671983719
52.162.1.48.368,0.09932800009846687
52.162.1.48.384,0.09779199957847595
52.162.1.48.416,0.10035200044512749
52.162.1.48.448,0.09574400261044502
52.162.1.48.480,0.09574400261044502
52.162.1.48.512,0.1013759970664978
52.162.1.48.576,0.09625600278377533
52.162.1.48.640,0.09676800295710564
52.162.1.48.704,0.09932799637317657
52.162.1.48.768,0.09676800295710564
52.162.1.48.832,0.09676800295710564
52.162.1.48.896,0.09830399975180626
52.162.1.48.960,0.09676800295710564
52.162.1.48.1024,0.09625600278377533
52.162.1.52.1,0.11520000174641609
52.162.1.52.2,0.09984000027179718
52.162.1.52.4,0.10035199671983719
52.162.1.52.8,0.10495999827980995
52.162.1.52.12,0.09881599992513657
52.162.1.52.16,0.1013759970664978
52.162.1.52.20,0.09881599992513657
52.162.1.52.24,0.09676800295710564
52.162.1.52.28,0.09728000313043594
52.162.1.52.32,0.1008639968931675
52.162.1.52.36,0.10239999741315842
52.162.1.52.40,0.09830399975180626
52.162.1.52.44,0.09523200243711472
52.162.1.52.48,0.1013759970664978
52.162.1.52.52,0.09881599992513657
52.162.1.52.56,0.09984000027179718
52.162.1.52.60,0.09676800295710564
52.162.1.52.64,0.09728000313043594
52.162.1.52.68,0.09676800295710564
52.162.1.52.72,0.09676800295710564
52.162.1.52.76,0.09676800295710564
52.162.1.52.80,0.09676800295710564
52.162.1.52.84,0.09779200330376625
52.162.1.52.88,0.09728000313043594
52.162.1.52.92,0.10905599966645241
52.162.1.52.96,0.10598399862647057
52.162.1.52.100,0.09830400347709656
52.162.1.52.104,0.09523200243711472
52.162.1.52.108,0.09984000027179718
52.162.1.52.112,0.10035199671983719
52.162.1.52.116,0.09932800009846687
52.162.1.52.120,0.09472000226378441
52.162.1.52.124,0.09574400261044502
52.162.1.52.128,0.09779200330376625
52.162.1.52.136,0.10393599793314934
52.162.1.52.144,0.09523200243711472
52.162.1.52.152,0.09728000313043594
52.162.1.52.160,0.09983999654650688
52.162.1.52.168,0.09830399975180626
52.162.1.52.176,0.11110400035977364
52.162.1.52.184,0.09881599992513657
52.162.1.52.192,0.09779200330376625
52.162.1.52.200,0.1013759970664978
52.162.1.52.208,0.09728000313043594
52.162.1.52.216,0.09728000313043594
52.162.1.52.224,0.09728000313043594
52.162.1.52.232,0.09779200330376625
52.162.1.52.240,0.09779200330376625
52.162.1.52.248,0.09625600278377533
52.162.1.52.256,0.09779200330376625
52.162.1.52.272,0.09830400347709656
52.162.1.52.288,0.09728000313043594
52.162.1.52.304,0.10700799897313118
52.162.1.52.320,0.09676800295710564
52.162.1.52.336,0.1013759970664978
52.162.1.52.352,0.09574400261044502
52.162.1.52.368,0.09625600278377533
52.162.1.52.384,0.09984000027179718
52.162.1.52.416,0.10342399775981903
52.162.1.52.448,0.09830400347709656
52.162.1.52.480,0.09830399975180626
52.162.1.52.512,0.09625600278377533
52.162.1.52.576,0.1008639968931675
52.162.1.52.640,0.09676800295710564
52.162.1.52.704,0.09728000313043594
52.162.1.52.768,0.09728000313043594
52.162.1.52.832,0.09779199957847595
52.162.1.52.896,0.09574400261044502
52.162.1.52.960,0.09779199957847595
52.162.1.52.1024,0.09625600278377533
52.162.1.56.1,0.1080319993197918
52.162.1.56.2,0.1013759970664978
52.162.1.56.4,0.10188799723982811
52.162.1.56.8,0.09932800009846687
52.162.1.56.12,0.09983999654650688
52.162.1.56.16,0.09779200330376625
52.162.1.56.20,0.10035199671983719
52.162.1.56.24,0.1013759970664978
52.162.1.56.28,0.10905599966645241
52.162.1.56.32,0.09728000313043594
52.162.1.56.36,0.09881599992513657
52.162.1.56.40,0.09830400347709656
52.162.1.56.44,0.10035200044512749
52.162.1.56.48,0.09881599992513657
52.162.1.56.52,0.09881599992513657
52.162.1.56.56,0.09625600278377533
52.162.1.56.60,0.09728000313043594
52.162.1.56.64,0.09881599992513657
52.162.1.56.68,0.09881599992513657
52.162.1.56.72,0.09728000313043594
52.162.1.56.76,0.09779200330376625
52.162.1.56.80,0.10035199671983719
52.162.1.56.84,0.09881599992513657
52.162.1.56.88,0.09932800009846687
52.162.1.56.92,0.09676800295710564
52.162.1.56.96,0.09881599992513657
52.162.1.56.100,0.09984000027179718
52.162.1.56.104,0.09728000313043594
52.162.1.56.108,0.10444799810647964
52.162.1.56.112,0.09932799637317657
52.162.1.56.116,0.09983999654650688
52.162.1.56.120,0.09881599992513657
52.162.1.56.124,0.09676800295710564
52.162.1.56.128,0.09676800295710564
52.162.1.56.136,0.09932800009846687
52.162.1.56.144,0.09932800009846687
52.162.1.56.152,0.0942080020904541
52.162.1.56.160,0.10035199671983719
52.162.1.56.168,0.1008639968931675
52.162.1.56.176,0.09728000313043594
52.162.1.56.184,0.09728000313043594
52.162.1.56.192,0.09728000313043594
52.162.1.56.200,0.09728000313043594
52.162.1.56.208,0.09881599992513657
52.162.1.56.216,0.09830400347709656
52.162.1.56.224,0.09830399975180626
52.162.1.56.232,0.09574400261044502
52.162.1.56.240,0.09779200330376625
52.162.1.56.248,0.1008639968931675
52.162.1.56.256,0.09932799637317657
52.162.1.56.272,0.09881599992513657
52.162.1.56.288,0.09779200330376625
52.162.1.56.304,0.09932800009846687
52.162.1.56.320,0.09830400347709656
52.162.1.56.336,0.09830400347709656
52.162.1.56.352,0.09983999654650688
52.162.1.56.368,0.09881599992513657
52.162.1.56.384,0.09983999654650688
52.162.1.56.416,0.09574400261044502
52.162.1.56.448,0.09728000313043594
52.162.1.56.480,0.09932800009846687
52.162.1.56.512,0.09881599992513657
52.162.1.56.576,0.09779200330376625
52.162.1.56.640,0.09779200330376625
52.162.1.56.704,0.09676800295710564
52.162.1.56.768,0.09574400261044502
52.162.1.56.832,0.09676800295710564
52.162.1.56.896,0.09779200330376625
52.162.1.56.960,0.09625600278377533
52.162.1.56.1024,0.09779200330376625
52.162.1.60.1,0.1085439994931221
52.162.1.60.2,0.10035199671983719
52.162.1.60.4,0.09779200330376625
52.162.1.60.8,0.09779200330376625
52.162.1.60.12,0.09984000027179718
52.162.1.60.16,0.10188799723982811
52.162.1.60.20,0.1008639968931675
52.162.1.60.24,0.09728000313043594
52.162.1.60.28,0.10751999914646149
52.162.1.60.32,0.09523200243711472
52.162.1.60.36,0.09625600278377533
52.162.1.60.40,0.09574400261044502
52.162.1.60.44,0.10035199671983719
52.162.1.60.48,0.09676800295710564
52.162.1.60.52,0.09779200330376625
52.162.1.60.56,0.09728000313043594
52.162.1.60.60,0.09830399975180626
52.162.1.60.64,0.09728000313043594
52.162.1.60.68,0.09932800009846687
52.162.1.60.72,0.09728000313043594
52.162.1.60.76,0.09779200330376625
52.162.1.60.80,0.09625600278377533
52.162.1.60.84,0.09728000313043594
52.162.1.60.88,0.09574400261044502
52.162.1.60.92,0.10239999741315842
52.162.1.60.96,0.09779200330376625
52.162.1.60.100,0.09728000313043594
52.162.1.60.104,0.09983999654650688
52.162.1.60.108,0.10239999741315842
52.162.1.60.112,0.09881599992513657
52.162.1.60.116,0.09830399975180626
52.162.1.60.120,0.09676800295710564
52.162.1.60.124,0.09830399975180626
52.162.1.60.128,0.09523200243711472
52.162.1.60.136,0.10291199758648872
52.162.1.60.144,0.09983999654650688
52.162.1.60.152,0.09932800009846687
52.162.1.60.160,0.09574400261044502
52.162.1.60.168,0.09728000313043594
52.162.1.60.176,0.09676800295710564
52.162.1.60.184,0.09983999654650688
52.162.1.60.192,0.09523200243711472
52.162.1.60.200,0.09676800295710564
52.162.1.60.208,0.09830400347709656
52.162.1.60.216,0.1008639968931675
52.162.1.60.224,0.09728000313043594
52.162.1.60.232,0.09881599992513657
52.162.1.60.240,0.10035199671983719
52.162.1.60.248,0.09676800295710564
52.162.1.60.256,0.09881599992513657
52.162.1.60.272,0.09728000313043594
52.162.1.60.288,0.10956799983978271
52.162.1.60.304,0.09676800295710564
52.162.1.60.320,0.09676800295710564
52.162.1.60.336,0.09779200330376625
52.162.1.60.352,0.09830400347709656
52.162.1.60.368,0.10495999827980995
52.162.1.60.384,0.09676800295710564
52.162.1.60.416,0.09932800009846687
52.162.1.60.448,0.09932799637317657
52.162.1.60.480,0.10547199845314026
52.162.1.60.512,0.1080319993197918
52.162.1.60.576,0.10751999914646149
52.162.1.60.640,0.09881599992513657
52.162.1.60.704,0.09472000226378441
52.162.1.60.768,0.09676800295710564
52.162.1.60.832,0.09779200330376625
52.162.1.60.896,0.09676800295710564
52.162.1.60.960,0.09830400347709656
52.162.1.60.1024,0.09728000313043594
52.162.1.64.1,0.10649599879980087
52.162.1.64.2,0.09984000027179718
52.162.1.64.4,0.09676800295710564
52.162.1.64.8,0.09830400347709656
52.162.1.64.12,0.09983999654650688
52.162.1.64.16,0.09881599992513657
52.162.1.64.20,0.09625600278377533
52.162.1.64.24,0.10035199671983719
52.162.1.64.28,0.10035199671983719
52.162.1.64.32,0.10342399775981903
52.162.1.64.36,0.09676800295710564
52.162.1.64.40,0.1013759970664978
52.162.1.64.44,0.10188799723982811
52.162.1.64.48,0.09625600278377533
52.162.1.64.52,0.10035199671983719
52.162.1.64.56,0.09932800009846687
52.162.1.64.60,0.09983999654650688
52.162.1.64.64,0.09728000313043594
52.162.1.64.68,0.10035199671983719
52.162.1.64.72,0.1008639968931675
52.162.1.64.76,0.09728000313043594
52.162.1.64.80,0.09881599992513657
52.162.1.64.84,0.1013759970664978
52.162.1.64.88,0.1008639968931675
52.162.1.64.92,0.09523200243711472
52.162.1.64.96,0.09779200330376625
52.162.1.64.100,0.09779200330376625
52.162.1.64.104,0.10188799723982811
52.162.1.64.108,0.10495999827980995
52.162.1.64.112,0.1013759970664978
52.162.1.64.116,0.1013759970664978
52.162.1.64.120,0.09574400261044502
52.162.1.64.124,0.10239999741315842
52.162.1.64.128,0.09728000313043594
52.162.1.64.136,0.09728000313043594
52.162.1.64.144,0.09932800009846687
52.162.1.64.152,0.09830400347709656
52.162.1.64.160,0.10035199671983719
52.162.1.64.168,0.09830400347709656
52.162.1.64.176,0.1013759970664978
52.162.1.64.184,0.09676800295710564
52.162.1.64.192,0.10035199671983719
52.162.1.64.200,0.09574400261044502
52.162.1.64.208,0.09881599992513657
52.162.1.64.216,0.09881599992513657
52.162.1.64.224,0.09983999654650688
52.162.1.64.232,0.09983999654650688
52.162.1.64.240,0.09932799637317657
52.162.1.64.248,0.09830400347709656
52.162.1.64.256,0.09830399975180626
52.162.1.64.272,0.09881599992513657
52.162.1.64.288,0.09779200330376625
52.162.1.64.304,0.10035199671983719
52.162.1.64.320,0.10751999914646149
52.162.1.64.336,0.09830399975180626
52.162.1.64.352,0.1008639968931675
52.162.1.64.368,0.09984000027179718
52.162.1.64.384,0.09728000313043594
52.162.1.64.416,0.09830400347709656
52.162.1.64.448,0.09830400347709656
52.162.1.64.480,0.09625600278377533
52.162.1.64.512,0.09779200330376625
52.162.1.64.576,0.09676800295710564
52.162.1.64.640,0.09574400261044502
52.162.1.64.704,0.09676800295710564
52.162.1.64.768,0.09574400261044502
52.162.1.64.832,0.09574400261044502
52.162.1.64.896,0.09523200243711472
52.162.1.64.960,0.09625600278377533
52.162.1.64.1024,0.09625600278377533
52.162.1.68.1,0.11008000001311302
52.162.1.68.2,0.09676800295710564
52.162.1.68.4,0.10495999827980995
52.162.1.68.8,0.10649599879980087
52.162.1.68.12,0.09983999654650688
52.162.1.68.16,0.09779200330376625
52.162.1.68.20,0.09932799637317657
52.162.1.68.24,0.09830400347709656
52.162.1.68.28,0.09676800295710564
52.162.1.68.32,0.09472000226378441
52.162.1.68.36,0.09676800295710564
52.162.1.68.40,0.09779200330376625
52.162.1.68.44,0.09574400261044502
52.162.1.68.48,0.09779200330376625
52.162.1.68.52,0.09779200330376625
52.162.1.68.56,0.09728000313043594
52.162.1.68.60,0.09881599992513657
52.162.1.68.64,0.09779200330376625
52.162.1.68.68,0.09779200330376625
52.162.1.68.72,0.09932799637317657
52.162.1.68.76,0.09932800009846687
52.162.1.68.80,0.10649599879980087
52.162.1.68.84,0.09932800009846687
52.162.1.68.88,0.09625600278377533
52.162.1.68.92,0.10035200044512749
52.162.1.68.96,0.1013759970664978
52.162.1.68.100,0.10649599879980087
52.162.1.68.104,0.10239999741315842
52.162.1.68.108,0.09983999654650688
52.162.1.68.112,0.09779200330376625
52.162.1.68.116,0.09932800009846687
52.162.1.68.120,0.1013759970664978
52.162.1.68.124,0.09779200330376625
52.162.1.68.128,0.10393599793314934
52.162.1.68.136,0.09983999654650688
52.162.1.68.144,0.1013759970664978
52.162.1.68.152,0.09932800009846687
52.162.1.68.160,0.09830400347709656
52.162.1.68.168,0.09830399975180626
52.162.1.68.176,0.10751999914646149
52.162.1.68.184,0.09830400347709656
52.162.1.68.192,0.09932800009846687
52.162.1.68.200,0.09830399975180626
52.162.1.68.208,0.09779200330376625
52.162.1.68.216,0.09932800009846687
52.162.1.68.224,0.09932799637317657
52.162.1.68.232,0.09625600278377533
52.162.1.68.240,0.09779200330376625
52.162.1.68.248,0.09779200330376625
52.162.1.68.256,0.09779200330376625
52.162.1.68.272,0.09676800295710564
52.162.1.68.288,0.10547199845314026
52.162.1.68.304,0.09728000313043594
52.162.1.68.320,0.09625600278377533
52.162.1.68.336,0.09728000313043594
52.162.1.68.352,0.09830399975180626
52.162.1.68.368,0.09625600278377533
52.162.1.68.384,0.09830400347709656
52.162.1.68.416,0.09830400347709656
52.162.1.68.448,0.09830400347709656
52.162.1.68.480,0.10444799810647964
52.162.1.68.512,0.10700799897313118
52.162.1.68.576,0.09625600278377533
52.162.1.68.640,0.09728000313043594
52.162.1.68.704,0.09676800295710564
52.162.1.68.768,0.10751999914646149
52.162.1.68.832,0.09830399975180626
52.162.1.68.896,0.09728000313043594
52.162.1.68.960,0.10495999827980995
52.162.1.68.1024,0.09523200243711472
52.162.1.72.1,0.10751999914646149
52.162.1.72.2,0.09625600278377533
52.162.1.72.4,0.09779199957847595
52.162.1.72.8,0.09830400347709656
52.162.1.72.12,0.09830400347709656
52.162.1.72.16,0.09932800009846687
52.162.1.72.20,0.10239999741315842
52.162.1.72.24,0.09779200330376625
52.162.1.72.28,0.09574400261044502
52.162.1.72.32,0.09779200330376625
52.162.1.72.36,0.10239999741315842
52.162.1.72.40,0.1013759970664978
52.162.1.72.44,0.09625600278377533
52.162.1.72.48,0.09779200330376625
52.162.1.72.52,0.09676800295710564
52.162.1.72.56,0.09830400347709656
52.162.1.72.60,0.09779200330376625
52.162.1.72.64,0.09881599992513657
52.162.1.72.68,0.09932799637317657
52.162.1.72.72,0.09932800009846687
52.162.1.72.76,0.09779199957847595
52.162.1.72.80,0.09830399975180626
52.162.1.72.84,0.09728000313043594
52.162.1.72.88,0.09676800295710564
52.162.1.72.92,0.09574400261044502
52.162.1.72.96,0.09728000313043594
52.162.1.72.100,0.09625600278377533
52.162.1.72.104,0.09728000313043594
52.162.1.72.108,0.09676800295710564
52.162.1.72.112,0.10035199671983719
52.162.1.72.116,0.09881599992513657
52.162.1.72.120,0.09625600278377533
52.162.1.72.124,0.10035199671983719
52.162.1.72.128,0.09625600278377533
52.162.1.72.136,0.10035199671983719
52.162.1.72.144,0.09676800295710564
52.162.1.72.152,0.09676800295710564
52.162.1.72.160,0.09881599992513657
52.162.1.72.168,0.09932800009846687
52.162.1.72.176,0.09574400261044502
52.162.1.72.184,0.09625600278377533
52.162.1.72.192,0.09574400261044502
52.162.1.72.200,0.09983999654650688
52.162.1.72.208,0.09932799637317657
52.162.1.72.216,0.09676800295710564
52.162.1.72.224,0.09881599992513657
52.162.1.72.232,0.09779200330376625
52.162.1.72.240,0.09830399975180626
52.162.1.72.248,0.09779200330376625
52.162.1.72.256,0.09625600278377533
52.162.1.72.272,0.09574400261044502
52.162.1.72.288,0.09728000313043594
52.162.1.72.304,0.09779200330376625
52.162.1.72.320,0.1008639968931675
52.162.1.72.336,0.09830400347709656
52.162.1.72.352,0.09779199957847595
52.162.1.72.368,0.1008639968931675
52.162.1.72.384,0.09625600278377533
52.162.1.72.416,0.09932799637317657
52.162.1.72.448,0.09983999654650688
52.162.1.72.480,0.09625600278377533
52.162.1.72.512,0.09676800295710564
52.162.1.72.576,0.09728000313043594
52.162.1.72.640,0.09728000313043594
52.162.1.72.704,0.09830399975180626
52.162.1.72.768,0.09932800009846687
52.162.1.72.832,0.09881599992513657
52.162.1.72.896,0.10035199671983719
52.162.1.72.960,0.09676800295710564
52.162.1.72.1024,0.09676800295710564
52.162.1.76.1,0.10495999827980995
52.162.1.76.2,0.10342399775981903
52.162.1.76.4,0.09830400347709656
52.162.1.76.8,0.09881599992513657
52.162.1.76.12,0.09932800009846687
52.162.1.76.16,0.10649599879980087
52.162.1.76.20,0.09728000313043594
52.162.1.76.24,0.10956799983978271
52.162.1.76.28,0.1008639968931675
52.162.1.76.32,0.10035199671983719
52.162.1.76.36,0.09932799637317657
52.162.1.76.40,0.10393599793314934
52.162.1.76.44,0.09983999654650688
52.162.1.76.48,0.09881599992513657
52.162.1.76.52,0.09830400347709656
52.162.1.76.56,0.09574400261044502
52.162.1.76.60,0.09728000313043594
52.162.1.76.64,0.10188799723982811
52.162.1.76.68,0.09881599992513657
52.162.1.76.72,0.09779200330376625
52.162.1.76.76,0.09932800009846687
52.162.1.76.80,0.10700799897313118
52.162.1.76.84,0.09676800295710564
52.162.1.76.88,0.10035199671983719
52.162.1.76.92,0.09728000313043594
52.162.1.76.96,0.09830400347709656
52.162.1.76.100,0.09676800295710564
52.162.1.76.104,0.09728000313043594
52.162.1.76.108,0.09830400347709656
52.162.1.76.112,0.09728000313043594
52.162.1.76.116,0.10649599879980087
52.162.1.76.120,0.09830399975180626
52.162.1.76.124,0.10342399775981903
52.162.1.76.128,0.10291199758648872
52.162.1.76.136,0.09830399975180626
52.162.1.76.144,0.09779200330376625
52.162.1.76.152,0.09881599992513657
52.162.1.76.160,0.09830399975180626
52.162.1.76.168,0.09881599992513657
52.162.1.76.176,0.09830399975180626
52.162.1.76.184,0.09932800009846687
52.162.1.76.192,0.10547199845314026
52.162.1.76.200,0.09881599992513657
52.162.1.76.208,0.09574400261044502
52.162.1.76.216,0.09676800295710564
52.162.1.76.224,0.09728000313043594
52.162.1.76.232,0.09728000313043594
52.162.1.76.240,0.09881599992513657
52.162.1.76.248,0.09728000313043594
52.162.1.76.256,0.09983999654650688
52.162.1.76.272,0.09625600278377533
52.162.1.76.288,0.10751999914646149
52.162.1.76.304,0.09574400261044502
52.162.1.76.320,0.10188799723982811
52.162.1.76.336,0.1013759970664978
52.162.1.76.352,0.09523200243711472
52.162.1.76.368,0.09625600278377533
52.162.1.76.384,0.09625600278377533
52.162.1.76.416,0.09779200330376625
52.162.1.76.448,0.09779200330376625
52.162.1.76.480,0.09728000313043594
52.162.1.76.512,0.09932800009846687
52.162.1.76.576,0.09625600278377533
52.162.1.76.640,0.09779200330376625
52.162.1.76.704,0.09625600278377533
52.162.1.76.768,0.09472000226378441
52.162.1.76.832,0.09625600278377533
52.162.1.76.896,0.10035199671983719
52.162.1.76.960,0.10751999914646149
52.162.1.76.1024,0.09984000027179718
52.162.1.80.1,0.10649599879980087
52.162.1.80.2,0.09625600278377533
52.162.1.80.4,0.09728000313043594
52.162.1.80.8,0.1008639968931675
52.162.1.80.12,0.09676800295710564
52.162.1.80.16,0.09932800009846687
52.162.1.80.20,0.10598399862647057
52.162.1.80.24,0.10188799723982811
52.162.1.80.28,0.09574400261044502
52.162.1.80.32,0.09932800009846687
52.162.1.80.36,0.09881599992513657
52.162.1.80.40,0.10035200044512749
52.162.1.80.44,0.09676800295710564
52.162.1.80.48,0.09932799637317657
52.162.1.80.52,0.09779200330376625
52.162.1.80.56,0.1008640006184578
52.162.1.80.60,0.09932799637317657
52.162.1.80.64,0.09676800295710564
52.162.1.80.68,0.09625600278377533
52.162.1.80.72,0.09932800009846687
52.162.1.80.76,0.09728000313043594
52.162.1.80.80,0.10188799723982811
52.162.1.80.84,0.09881599992513657
52.162.1.80.88,0.09830399975180626
52.162.1.80.92,0.09728000313043594
52.162.1.80.96,0.09779199957847595
52.162.1.80.100,0.09932800009846687
52.162.1.80.104,0.09779200330376625
52.162.1.80.108,0.10649599879980087
52.162.1.80.112,0.09830399975180626
52.162.1.80.116,0.10700799897313118
52.162.1.80.120,0.09830399975180626
52.162.1.80.124,0.09932800009846687
52.162.1.80.128,0.1013759970664978
52.162.1.80.136,0.09932800009846687
52.162.1.80.144,0.09881599992513657
52.162.1.80.152,0.09984000027179718
52.162.1.80.160,0.10035199671983719
52.162.1.80.168,0.09983999654650688
52.162.1.80.176,0.09881599992513657
52.162.1.80.184,0.09728000313043594
52.162.1.80.192,0.09728000313043594
52.162.1.80.200,0.09881599992513657
52.162.1.80.208,0.09625600278377533
52.162.1.80.216,0.09881599992513657
52.162.1.80.224,0.09676800295710564
52.162.1.80.232,0.09728000313043594
52.162.1.80.240,0.09728000313043594
52.162.1.80.248,0.09779200330376625
52.162.1.80.256,0.09728000313043594
52.162.1.80.272,0.09318400174379349
52.162.1.80.288,0.09779200330376625
52.162.1.80.304,0.09881599992513657
52.162.1.80.320,0.09779200330376625
52.162.1.80.336,0.10035199671983719
52.162.1.80.352,0.09779200330376625
52.162.1.80.368,0.09625600278377533
52.162.1.80.384,0.09676800295710564
52.162.1.80.416,0.09932799637317657
52.162.1.80.448,0.09728000313043594
52.162.1.80.480,0.09574400261044502
52.162.1.80.512,0.09728000313043594
52.162.1.80.576,0.09676800295710564
52.162.1.80.640,0.09779199957847595
52.162.1.80.704,0.09625600278377533
52.162.1.80.768,0.09779200330376625
52.162.1.80.832,0.09779200330376625
52.162.1.80.896,0.09881599992513657
52.162.1.80.960,0.09676800295710564
52.162.1.80.1024,0.09830399975180626
52.162.1.84.1,0.11776000261306763
52.162.1.84.2,0.09830399975180626
52.162.1.84.4,0.10342399775981903
52.162.1.84.8,0.09881599992513657
52.162.1.84.12,0.1013759970664978
52.162.1.84.16,0.1013759970664978
52.162.1.84.20,0.10700799897313118
52.162.1.84.24,0.09830400347709656
52.162.1.84.28,0.09676800295710564
52.162.1.84.32,0.09983999654650688
52.162.1.84.36,0.1008639968931675
52.162.1.84.40,0.09676800295710564
52.162.1.84.44,0.09728000313043594
52.162.1.84.48,0.1008639968931675
52.162.1.84.52,0.09779200330376625
52.162.1.84.56,0.09932799637317657
52.162.1.84.60,0.09830399975180626
52.162.1.84.64,0.10035199671983719
52.162.1.84.68,0.0942080020904541
52.162.1.84.72,0.09728000313043594
52.162.1.84.76,0.09932800009846687
52.162.1.84.80,0.09676800295710564
52.162.1.84.84,0.09881599992513657
52.162.1.84.88,0.1008639968931675
52.162.1.84.92,0.09728000313043594
52.162.1.84.96,0.09574400261044502
52.162.1.84.100,0.09676800295710564
52.162.1.84.104,0.10035199671983719
52.162.1.84.108,0.09574400261044502
52.162.1.84.112,0.09881599992513657
52.162.1.84.116,0.10905599966645241
52.162.1.84.120,0.09728000313043594
52.162.1.84.124,0.09728000313043594
52.162.1.84.128,0.09830399975180626
52.162.1.84.136,0.1013759970664978
52.162.1.84.144,0.09574400261044502
52.162.1.84.152,0.10239999741315842
52.162.1.84.160,0.09779200330376625
52.162.1.84.168,0.09830399975180626
52.162.1.84.176,0.09728000313043594
52.162.1.84.184,0.09984000027179718
52.162.1.84.192,0.10035199671983719
52.162.1.84.200,0.09574400261044502
52.162.1.84.208,0.09830399975180626
52.162.1.84.216,0.09779200330376625
52.162.1.84.224,0.09676800295710564
52.162.1.84.232,0.09779200330376625
52.162.1.84.240,0.09779200330376625
52.162.1.84.248,0.09728000313043594
52.162.1.84.256,0.09625600278377533
52.162.1.84.272,0.09779200330376625
52.162.1.84.288,0.09779200330376625
52.162.1.84.304,0.09728000313043594
52.162.1.84.320,0.09984000027179718
52.162.1.84.336,0.09523200243711472
52.162.1.84.352,0.09625600278377533
52.162.1.84.368,0.09983999654650688
52.162.1.84.384,0.09983999654650688
52.162.1.84.416,0.1013759970664978
52.162.1.84.448,0.09881599992513657
52.162.1.84.480,0.09830399975180626
52.162.1.84.512,0.09523200243711472
52.162.1.84.576,0.10649599879980087
52.162.1.84.640,0.10035199671983719
52.162.1.84.704,0.09779200330376625
52.162.1.84.768,0.09881599992513657
52.162.1.84.832,0.09830399975180626
52.162.1.84.896,0.10188799723982811
52.162.1.84.960,0.09779200330376625
52.162.1.84.1024,0.09779199957847595
52.162.1.88.1,0.10495999827980995
52.162.1.88.2,0.09932799637317657
52.162.1.88.4,0.09625600278377533
52.162.1.88.8,0.09881599992513657
52.162.1.88.12,0.09983999654650688
52.162.1.88.16,0.09932799637317657
52.162.1.88.20,0.09779200330376625
52.162.1.88.24,0.09881599992513657
52.162.1.88.28,0.09830400347709656
52.162.1.88.32,0.10035199671983719
52.162.1.88.36,0.1013759970664978
52.162.1.88.40,0.10188799723982811
52.162.1.88.44,0.10291199758648872
52.162.1.88.48,0.09881599992513657
52.162.1.88.52,0.09728000313043594
52.162.1.88.56,0.09983999654650688
52.162.1.88.60,0.09830399975180626
52.162.1.88.64,0.10188799723982811
52.162.1.88.68,0.09625600278377533
52.162.1.88.72,0.09625600278377533
52.162.1.88.76,0.09728000313043594
52.162.1.88.80,0.1013759970664978
52.162.1.88.84,0.09932800009846687
52.162.1.88.88,0.09983999654650688
52.162.1.88.92,0.09983999654650688
52.162.1.88.96,0.09984000027179718
52.162.1.88.100,0.09779200330376625
52.162.1.88.104,0.09830399975180626
52.162.1.88.108,0.09625600278377533
52.162.1.88.112,0.09728000313043594
52.162.1.88.116,0.09932800009846687
52.162.1.88.120,0.09881599992513657
52.162.1.88.124,0.10905599966645241
52.162.1.88.128,0.09830400347709656
52.162.1.88.136,0.10291199758648872
52.162.1.88.144,0.09983999654650688
52.162.1.88.152,0.1008639968931675
52.162.1.88.160,0.10035200044512749
52.162.1.88.168,0.09574400261044502
52.162.1.88.176,0.09983999654650688
52.162.1.88.184,0.1013760007917881
52.162.1.88.192,0.09779200330376625
52.162.1.88.200,0.10239999741315842
52.162.1.88.208,0.09779200330376625
52.162.1.88.216,0.0936960019171238
52.162.1.88.224,0.09830400347709656
52.162.1.88.232,0.09676800295710564
52.162.1.88.240,0.10035200044512749
52.162.1.88.248,0.09728000313043594
52.162.1.88.256,0.09932800009846687
52.162.1.88.272,0.09779200330376625
52.162.1.88.288,0.09881599992513657
52.162.1.88.304,0.10188799723982811
52.162.1.88.320,0.09727999940514565
52.162.1.88.336,0.09932800009846687
52.162.1.88.352,0.09984000027179718
52.162.1.88.368,0.09830399975180626
52.162.1.88.384,0.09779199957847595
52.162.1.88.416,0.10598399862647057
52.162.1.88.448,0.09676800295710564
52.162.1.88.480,0.09830400347709656
52.162.1.88.512,0.09932800009846687
52.162.1.88.576,0.09881599992513657
52.162.1.88.640,0.09932800009846687
52.162.1.88.704,0.09779200330376625
52.162.1.88.768,0.09625600278377533
52.162.1.88.832,0.09830399975180626
52.162.1.88.896,0.09676800295710564
52.162.1.88.960,0.09779200330376625
52.162.1.88.1024,0.09779200330376625
52.162.1.92.1,0.11468800157308578
52.162.1.92.2,0.10649599879980087
52.162.1.92.4,0.10598399862647057
52.162.1.92.8,0.10035199671983719
52.162.1.92.12,0.09983999654650688
52.162.1.92.16,0.09881599992513657
52.162.1.92.20,0.1013759970664978
52.162.1.92.24,0.09830399975180626
52.162.1.92.28,0.10188799723982811
52.162.1.92.32,0.10547199845314026
52.162.1.92.36,0.09779200330376625
52.162.1.92.40,0.09779200330376625
52.162.1.92.44,0.09574400261044502
52.162.1.92.48,0.09728000313043594
52.162.1.92.52,0.09881599992513657
52.162.1.92.56,0.09625600278377533
52.162.1.92.60,0.09728000313043594
52.162.1.92.64,0.09625600278377533
52.162.1.92.68,0.09676800295710564
52.162.1.92.72,0.10035199671983719
52.162.1.92.76,0.09728000313043594
52.162.1.92.80,0.1008639968931675
52.162.1.92.84,0.09728000313043594
52.162.1.92.88,0.09728000313043594
52.162.1.92.92,0.09625600278377533
52.162.1.92.96,0.10239999741315842
52.162.1.92.100,0.09676800295710564
52.162.1.92.104,0.09932800009846687
52.162.1.92.108,0.09574400261044502
52.162.1.92.112,0.09881599992513657
52.162.1.92.116,0.09932800009846687
52.162.1.92.120,0.09881599992513657
52.162.1.92.124,0.09728000313043594
52.162.1.92.128,0.09983999654650688
52.162.1.92.136,0.10035199671983719
52.162.1.92.144,0.09779200330376625
52.162.1.92.152,0.10547199845314026
52.162.1.92.160,0.09881599992513657
52.162.1.92.168,0.09830400347709656
52.162.1.92.176,0.09983999654650688
52.162.1.92.184,0.09881599992513657
52.162.1.92.192,0.09881599992513657
52.162.1.92.200,0.09728000313043594
52.162.1.92.208,0.09728000313043594
52.162.1.92.216,0.09830399975180626
52.162.1.92.224,0.10700799897313118
52.162.1.92.232,0.09932800009846687
52.162.1.92.240,0.09881599992513657
52.162.1.92.248,0.09830399975180626
52.162.1.92.256,0.10035199671983719
52.162.1.92.272,0.1008639968931675
52.162.1.92.288,0.09625600278377533
52.162.1.92.304,0.1013759970664978
52.162.1.92.320,0.09625600278377533
52.162.1.92.336,0.10444799810647964
52.162.1.92.352,0.09830399975180626
52.162.1.92.368,0.09932799637317657
52.162.1.92.384,0.09728000313043594
52.162.1.92.416,0.09728000313043594
52.162.1.92.448,0.09625600278377533
52.162.1.92.480,0.09881599992513657
52.162.1.92.512,0.09779200330376625
52.162.1.92.576,0.1008639968931675
52.162.1.92.640,0.09779200330376625
52.162.1.92.704,0.1008639968931675
52.162.1.92.768,0.09779200330376625
52.162.1.92.832,0.09676800295710564
52.162.1.92.896,0.09830399975180626
52.162.1.92.960,0.09932800009846687
52.162.1.92.1024,0.09779200330376625
52.162.1.96.1,0.11059200018644333
52.162.1.96.2,0.09984000027179718
52.162.1.96.4,0.09779200330376625
52.162.1.96.8,0.09728000313043594
52.162.1.96.12,0.09728000313043594
52.162.1.96.16,0.09932800009846687
52.162.1.96.20,0.09574400261044502
52.162.1.96.24,0.09830399975180626
52.162.1.96.28,0.09830400347709656
52.162.1.96.32,0.09881599992513657
52.162.1.96.36,0.09830399975180626
52.162.1.96.40,0.09625600278377533
52.162.1.96.44,0.09881599992513657
52.162.1.96.48,0.09779200330376625
52.162.1.96.52,0.09881599992513657
52.162.1.96.56,0.09676800295710564
52.162.1.96.60,0.09932800009846687
52.162.1.96.64,0.09625600278377533
52.162.1.96.68,0.09779200330376625
52.162.1.96.72,0.09676800295710564
52.162.1.96.76,0.09830399975180626
52.162.1.96.80,0.09728000313043594
52.162.1.96.84,0.09830399975180626
52.162.1.96.88,0.09984000027179718
52.162.1.96.92,0.09830400347709656
52.162.1.96.96,0.09830400347709656
52.162.1.96.100,0.10393599793314934
52.162.1.96.104,0.09574400261044502
52.162.1.96.108,0.09932800009846687
52.162.1.96.112,0.10035199671983719
52.162.1.96.116,0.09830399975180626
52.162.1.96.120,0.09830400347709656
52.162.1.96.124,0.09932800009846687
52.162.1.96.128,0.09676800295710564
52.162.1.96.136,0.1013759970664978
52.162.1.96.144,0.1013759970664978
52.162.1.96.152,0.10188799723982811
52.162.1.96.160,0.10035200044512749
52.162.1.96.168,0.10239999741315842
52.162.1.96.176,0.09728000313043594
52.162.1.96.184,0.09676800295710564
52.162.1.96.192,0.09779200330376625
52.162.1.96.200,0.09932800009846687
52.162.1.96.208,0.09830399975180626
52.162.1.96.216,0.09574400261044502
52.162.1.96.224,0.10035199671983719
52.162.1.96.232,0.09932800009846687
52.162.1.96.240,0.09728000313043594
52.162.1.96.248,0.1013759970664978
52.162.1.96.256,0.09728000313043594
52.162.1.96.272,0.09830400347709656
52.162.1.96.288,0.09728000313043594
52.162.1.96.304,0.09728000313043594
52.162.1.96.320,0.09881599992513657
52.162.1.96.336,0.09984000027179718
52.162.1.96.352,0.09625600278377533
52.162.1.96.368,0.09881599992513657
52.162.1.96.384,0.1013759970664978
52.162.1.96.416,0.09728000313043594
52.162.1.96.448,0.09881599992513657
52.162.1.96.480,0.09881599992513657
52.162.1.96.512,0.09523200243711472
52.162.1.96.576,0.09728000313043594
52.162.1.96.640,0.09830399975180626
52.162.1.96.704,0.09676800295710564
52.162.1.96.768,0.09779200330376625
52.162.1.96.832,0.09472000226378441
52.162.1.96.896,0.09779200330376625
52.162.1.96.960,0.09728000313043594
52.162.1.96.1024,0.09728000313043594
52.162.1.100.1,0.10700799897313118
52.162.1.100.2,0.09676800295710564
52.162.1.100.4,0.09728000313043594
52.162.1.100.8,0.09779200330376625
52.162.1.100.12,0.09676800295710564
52.162.1.100.16,0.10649599879980087
52.162.1.100.20,0.09830399975180626
52.162.1.100.24,0.09932799637317657
52.162.1.100.28,0.09625600278377533
52.162.1.100.32,0.09523200243711472
52.162.1.100.36,0.09779200330376625
52.162.1.100.40,0.09676800295710564
52.162.1.100.44,0.09523200243711472
52.162.1.100.48,0.09574400261044502
52.162.1.100.52,0.09728000313043594
52.162.1.100.56,0.09728000313043594
52.162.1.100.60,0.09728000313043594
52.162.1.100.64,0.09472000226378441
52.162.1.100.68,0.0942080020904541
52.162.1.100.72,0.09779199957847595
52.162.1.100.76,0.09728000313043594
52.162.1.100.80,0.10035199671983719
52.162.1.100.84,0.09728000313043594
52.162.1.100.88,0.10291199758648872
52.162.1.100.92,0.09625600278377533
52.162.1.100.96,0.09779200330376625
52.162.1.100.100,0.09728000313043594
52.162.1.100.104,0.09676800295710564
52.162.1.100.108,0.09676800295710564
52.162.1.100.112,0.09728000313043594
52.162.1.100.116,0.1080319993197918
52.162.1.100.120,0.09625600278377533
52.162.1.100.124,0.09779200330376625
52.162.1.100.128,0.09728000313043594
52.162.1.100.136,0.09625600278377533
52.162.1.100.144,0.09830399975180626
52.162.1.100.152,0.09728000313043594
52.162.1.100.160,0.09676800295710564
52.162.1.100.168,0.09523200243711472
52.162.1.100.176,0.09779200330376625
52.162.1.100.184,0.09779200330376625
52.162.1.100.192,0.10444799810647964
52.162.1.100.200,0.09625600278377533
52.162.1.100.208,0.09779200330376625
52.162.1.100.216,0.09676800295710564
52.162.1.100.224,0.09779200330376625
52.162.1.100.232,0.09523200243711472
52.162.1.100.240,0.09574400261044502
52.162.1.100.248,0.09676800295710564
52.162.1.100.256,0.09676800295710564
52.162.1.100.272,0.09779200330376625
52.162.1.100.288,0.09779200330376625
52.162.1.100.304,0.09728000313043594
52.162.1.100.320,0.09881599992513657
52.162.1.100.336,0.1008639968931675
52.162.1.100.352,0.09676800295710564
52.162.1.100.368,0.09881599992513657
52.162.1.100.384,0.09625600278377533
52.162.1.100.416,0.09574400261044502
52.162.1.100.448,0.09676800295710564
52.162.1.100.480,0.0942080020904541
52.162.1.100.512,0.09625600278377533
52.162.1.100.576,0.09523200243711472
52.162.1.100.640,0.0942080020904541
52.162.1.100.704,0.09830400347709656
52.162.1.100.768,0.09728000313043594
52.162.1.100.832,0.09625600278377533
52.162.1.100.896,0.09625600278377533
52.162.1.100.960,0.09728000313043594
52.162.1.100.1024,0.09676800295710564
52.162.1.104.1,0.1080319993197918
52.162.1.104.2,0.10342399775981903
52.162.1.104.4,0.10598399862647057
52.162.1.104.8,0.10035199671983719
52.162.1.104.12,0.09523200243711472
52.162.1.104.16,0.09932800009846687
52.162.1.104.20,0.09625600278377533
52.162.1.104.24,0.09932800009846687
52.162.1.104.28,0.1013759970664978
52.162.1.104.32,0.1013759970664978
52.162.1.104.36,0.10905599966645241
52.162.1.104.40,0.09881599992513657
52.162.1.104.44,0.10547199845314026
52.162.1.104.48,0.09932800009846687
52.162.1.104.52,0.09728000313043594
52.162.1.104.56,0.09779200330376625
52.162.1.104.60,0.10291199758648872
52.162.1.104.64,0.09881599992513657
52.162.1.104.68,0.1085439994931221
52.162.1.104.72,0.1013759970664978
52.162.1.104.76,0.09625600278377533
52.162.1.104.80,0.10035199671983719
52.162.1.104.84,0.10035199671983719
52.162.1.104.88,0.09830399975180626
52.162.1.104.92,0.09676800295710564
52.162.1.104.96,0.09728000313043594
52.162.1.104.100,0.09779200330376625
52.162.1.104.104,0.09779200330376625
52.162.1.104.108,0.09676800295710564
52.162.1.104.112,0.10239999741315842
52.162.1.104.116,0.09932800009846687
52.162.1.104.120,0.09932799637317657
52.162.1.104.124,0.10188799723982811
52.162.1.104.128,0.09881599992513657
52.162.1.104.136,0.09881599992513657
52.162.1.104.144,0.09779200330376625
52.162.1.104.152,0.09728000313043594
52.162.1.104.160,0.09932800009846687
52.162.1.104.168,0.09728000313043594
52.162.1.104.176,0.09779200330376625
52.162.1.104.184,0.09625600278377533
52.162.1.104.192,0.09625600278377533
52.162.1.104.200,0.09727999940514565
52.162.1.104.208,0.09676800295710564
52.162.1.104.216,0.09728000313043594
52.162.1.104.224,0.09728000313043594
52.162.1.104.232,0.10035199671983719
52.162.1.104.240,0.09932800009846687
52.162.1.104.248,0.09881599992513657
52.162.1.104.256,0.09830400347709656
52.162.1.104.272,0.09523200243711472
52.162.1.104.288,0.09676800295710564
52.162.1.104.304,0.09472000226378441
52.162.1.104.320,0.09830399975180626
52.162.1.104.336,0.09830400347709656
52.162.1.104.352,0.09881599992513657
52.162.1.104.368,0.09523200243711472
52.162.1.104.384,0.09625600278377533
52.162.1.104.416,0.09676800295710564
52.162.1.104.448,0.09728000313043594
52.162.1.104.480,0.09983999654650688
52.162.1.104.512,0.09625600278377533
52.162.1.104.576,0.10035200044512749
52.162.1.104.640,0.09779200330376625
52.162.1.104.704,0.10035199671983719
52.162.1.104.768,0.09830400347709656
52.162.1.104.832,0.09727999940514565
52.162.1.104.896,0.09779200330376625
52.162.1.104.960,0.09676800295710564
52.162.1.104.1024,0.09676800295710564
52.162.1.108.1,0.10700799897313118
52.162.1.108.2,0.10188799723982811
52.162.1.108.4,0.1008639968931675
52.162.1.108.8,0.10188799723982811
52.162.1.108.12,0.09779200330376625
52.162.1.108.16,0.09318400174379349
52.162.1.108.20,0.09728000313043594
52.162.1.108.24,0.09728000313043594
52.162.1.108.28,0.09983999654650688
52.162.1.108.32,0.10649599879980087
52.162.1.108.36,0.09779200330376625
52.162.1.108.40,0.09676800295710564
52.162.1.108.44,0.09779200330376625
52.162.1.108.48,0.09523200243711472
52.162.1.108.52,0.09574400261044502
52.162.1.108.56,0.09574400261044502
52.162.1.108.60,0.10649599879980087
52.162.1.108.64,0.09625600278377533
52.162.1.108.68,0.1008639968931675
52.162.1.108.72,0.09830400347709656
52.162.1.108.76,0.09830400347709656
52.162.1.108.80,0.09932799637317657
52.162.1.108.84,0.1013759970664978
52.162.1.108.88,0.09881599992513657
52.162.1.108.92,0.09830399975180626
52.162.1.108.96,0.09881599992513657
52.162.1.108.100,0.10751999914646149
52.162.1.108.104,0.09830400347709656
52.162.1.108.108,0.09728000313043594
52.162.1.108.112,0.09983999654650688
52.162.1.108.116,0.09779200330376625
52.162.1.108.120,0.09779200330376625
52.162.1.108.124,0.09676800295710564
52.162.1.108.128,0.09676800295710564
52.162.1.108.136,0.09779200330376625
52.162.1.108.144,0.09728000313043594
52.162.1.108.152,0.09830399975180626
52.162.1.108.160,0.09676800295710564
52.162.1.108.168,0.09779200330376625
52.162.1.108.176,0.09728000313043594
52.162.1.108.184,0.09983999654650688
52.162.1.108.192,0.09779200330376625
52.162.1.108.200,0.09523200243711472
52.162.1.108.208,0.09728000313043594
52.162.1.108.216,0.09728000313043594
52.162.1.108.224,0.09779200330376625
52.162.1.108.232,0.09830399975180626
52.162.1.108.240,0.09676800295710564
52.162.1.108.248,0.09779200330376625
52.162.1.108.256,0.09881599992513657
52.162.1.108.272,0.09881599992513657
52.162.1.108.288,0.10188799723982811
52.162.1.108.304,0.1008639968931675
52.162.1.108.320,0.1008639968931675
52.162.1.108.336,0.09728000313043594
52.162.1.108.352,0.09625600278377533
52.162.1.108.368,0.09574400261044502
52.162.1.108.384,0.09830400347709656
52.162.1.108.416,0.09728000313043594
52.162.1.108.448,0.09830399975180626
52.162.1.108.480,0.09574400261044502
52.162.1.108.512,0.09523200243711472
52.162.1.108.576,0.09932800009846687
52.162.1.108.640,0.09932799637317657
52.162.1.108.704,0.09830400347709656
52.162.1.108.768,0.0942080020904541
52.162.1.108.832,0.09728000313043594
52.162.1.108.896,0.10547199845314026
52.162.1.108.960,0.09625600278377533
52.162.1.108.1024,0.0936960019171238
52.162.1.112.1,0.10700799897313118
52.162.1.112.2,0.09779200330376625
52.162.1.112.4,0.09728000313043594
52.162.1.112.8,0.09881599992513657
52.162.1.112.12,0.09881599992513657
52.162.1.112.16,0.09830399975180626
52.162.1.112.20,0.10598399862647057
52.162.1.112.24,0.09523200243711472
52.162.1.112.28,0.09728000313043594
52.162.1.112.32,0.09932799637317657
52.162.1.112.36,0.10700799897313118
52.162.1.112.40,0.09984000027179718
52.162.1.112.44,0.10035199671983719
52.162.1.112.48,0.09676800295710564
52.162.1.112.52,0.09830399975180626
52.162.1.112.56,0.09625600278377533
52.162.1.112.60,0.09830399975180626
52.162.1.112.64,0.10598399862647057
52.162.1.112.68,0.09728000313043594
52.162.1.112.72,0.09779199957847595
52.162.1.112.76,0.09881599992513657
52.162.1.112.80,0.10035200044512749
52.162.1.112.84,0.10751999914646149
52.162.1.112.88,0.10035199671983719
52.162.1.112.92,0.09676800295710564
52.162.1.112.96,0.09881599992513657
52.162.1.112.100,0.10700799897313118
52.162.1.112.104,0.09932800009846687
52.162.1.112.108,0.09625600278377533
52.162.1.112.112,0.09881599992513657
52.162.1.112.116,0.09830399975180626
52.162.1.112.120,0.1008639968931675
52.162.1.112.124,0.09625600278377533
52.162.1.112.128,0.09932800009846687
52.162.1.112.136,0.09830400347709656
52.162.1.112.144,0.09779199957847595
52.162.1.112.152,0.09728000313043594
52.162.1.112.160,0.09983999654650688
52.162.1.112.168,0.09779200330376625
52.162.1.112.176,0.09830400347709656
52.162.1.112.184,0.09728000313043594
52.162.1.112.192,0.09472000226378441
52.162.1.112.200,0.09676800295710564
52.162.1.112.208,0.09625600278377533
52.162.1.112.216,0.09728000313043594
52.162.1.112.224,0.09625600278377533
52.162.1.112.232,0.09984000027179718
52.162.1.112.240,0.09728000313043594
52.162.1.112.248,0.09676800295710564
52.162.1.112.256,0.09830400347709656
52.162.1.112.272,0.09676800295710564
52.162.1.112.288,0.09881599992513657
52.162.1.112.304,0.09523200243711472
52.162.1.112.320,0.09779200330376625
52.162.1.112.336,0.09728000313043594
52.162.1.112.352,0.09625600278377533
52.162.1.112.368,0.09625600278377533
52.162.1.112.384,0.09830399975180626
52.162.1.112.416,0.09830400347709656
52.162.1.112.448,0.09932800009846687
52.162.1.112.480,0.09779200330376625
52.162.1.112.512,0.09779200330376625
52.162.1.112.576,0.09676800295710564
52.162.1.112.640,0.09881599992513657
52.162.1.112.704,0.09676800295710564
52.162.1.112.768,0.09881599992513657
52.162.1.112.832,0.09728000313043594
52.162.1.112.896,0.09625600278377533
52.162.1.112.960,0.09676800295710564
52.162.1.112.1024,0.09779200330376625
52.162.1.116.1,0.1085439994931221
52.162.1.116.2,0.09881599992513657
52.162.1.116.4,0.09676800295710564
52.162.1.116.8,0.09779200330376625
52.162.1.116.12,0.09779199957847595
52.162.1.116.16,0.09676800295710564
52.162.1.116.20,0.09779200330376625
52.162.1.116.24,0.09881599992513657
52.162.1.116.28,0.09779200330376625
52.162.1.116.32,0.09830399975180626
52.162.1.116.36,0.09830400347709656
52.162.1.116.40,0.09830399975180626
52.162.1.116.44,0.09625600278377533
52.162.1.116.48,0.09830399975180626
52.162.1.116.52,0.09830400347709656
52.162.1.116.56,0.10495999827980995
52.162.1.116.60,0.09523200243711472
52.162.1.116.64,0.10649599879980087
52.162.1.116.68,0.09728000313043594
52.162.1.116.72,0.09932800009846687
52.162.1.116.76,0.10649599879980087
52.162.1.116.80,0.09625600278377533
52.162.1.116.84,0.09932800009846687
52.162.1.116.88,0.09676800295710564
52.162.1.116.92,0.09625600278377533
52.162.1.116.96,0.09625600278377533
52.162.1.116.100,0.09881599992513657
52.162.1.116.104,0.09523200243711472
52.162.1.116.108,0.09881599992513657
52.162.1.116.112,0.10035199671983719
52.162.1.116.116,0.10035199671983719
52.162.1.116.120,0.09779200330376625
52.162.1.116.124,0.09881599992513657
52.162.1.116.128,0.09779199957847595
52.162.1.116.136,0.09932800009846687
52.162.1.116.144,0.09881599992513657
52.162.1.116.152,0.09523200243711472
52.162.1.116.160,0.09932799637317657
52.162.1.116.168,0.10035199671983719
52.162.1.116.176,0.09728000313043594
52.162.1.116.184,0.09779199957847595
52.162.1.116.192,0.09932800009846687
52.162.1.116.200,0.09574400261044502
52.162.1.116.208,0.09830399975180626
52.162.1.116.216,0.09830400347709656
52.162.1.116.224,0.09932800009846687
52.162.1.116.232,0.09984000027179718
52.162.1.116.240,0.09574400261044502
52.162.1.116.248,0.09779200330376625
52.162.1.116.256,0.09830400347709656
52.162.1.116.272,0.09574400261044502
52.162.1.116.288,0.1008639968931675
52.162.1.116.304,0.09676800295710564
52.162.1.116.320,0.09625600278377533
52.162.1.116.336,0.09574400261044502
52.162.1.116.352,0.09625600278377533
52.162.1.116.368,0.09625600278377533
52.162.1.116.384,0.0942080020904541
52.162.1.116.416,0.09625600278377533
52.162.1.116.448,0.09676800295710564
52.162.1.116.480,0.09932800009846687
52.162.1.116.512,0.09574400261044502
52.162.1.116.576,0.09830399975180626
52.162.1.116.640,0.09523200243711472
52.162.1.116.704,0.09728000313043594
52.162.1.116.768,0.10598399862647057
52.162.1.116.832,0.09676800295710564
52.162.1.116.896,0.09830399975180626
52.162.1.116.960,0.09728000313043594
52.162.1.116.1024,0.09523200243711472
52.162.1.120.1,0.11417600139975548
52.162.1.120.2,0.09625600278377533
52.162.1.120.4,0.09779200330376625
52.162.1.120.8,0.09932800009846687
52.162.1.120.12,0.09830400347709656
52.162.1.120.16,0.09830399975180626
52.162.1.120.20,0.09779200330376625
52.162.1.120.24,0.09625600278377533
52.162.1.120.28,0.09984000027179718
52.162.1.120.32,0.09779200330376625
52.162.1.120.36,0.09932800009846687
52.162.1.120.40,0.09728000313043594
52.162.1.120.44,0.09830400347709656
52.162.1.120.48,0.09779200330376625
52.162.1.120.52,0.09779200330376625
52.162.1.120.56,0.09830400347709656
52.162.1.120.60,0.09574400261044502
52.162.1.120.64,0.09932799637317657
52.162.1.120.68,0.10751999914646149
52.162.1.120.72,0.09881599992513657
52.162.1.120.76,0.1080319993197918
52.162.1.120.80,0.09523200243711472
52.162.1.120.84,0.09779200330376625
52.162.1.120.88,0.09830400347709656
52.162.1.120.92,0.09676800295710564
52.162.1.120.96,0.09830400347709656
52.162.1.120.100,0.10751999914646149
52.162.1.120.104,0.09984000027179718
52.162.1.120.108,0.10393599793314934
52.162.1.120.112,0.09932799637317657
52.162.1.120.116,0.09779200330376625
52.162.1.120.120,0.09830399975180626
52.162.1.120.124,0.09574400261044502
52.162.1.120.128,0.1013759970664978
52.162.1.120.136,0.09728000313043594
52.162.1.120.144,0.09984000027179718
52.162.1.120.152,0.09779200330376625
52.162.1.120.160,0.09676800295710564
52.162.1.120.168,0.09932799637317657
52.162.1.120.176,0.09881599992513657
52.162.1.120.184,0.09779200330376625
52.162.1.120.192,0.09676800295710564
52.162.1.120.200,0.09983999654650688
52.162.1.120.208,0.09625600278377533
52.162.1.120.216,0.09830399975180626
52.162.1.120.224,0.10035199671983719
52.162.1.120.232,0.10035199671983719
52.162.1.120.240,0.10035199671983719
52.162.1.120.248,0.09932799637317657
52.162.1.120.256,0.09932800009846687
52.162.1.120.272,0.09830400347709656
52.162.1.120.288,0.09728000313043594
52.162.1.120.304,0.09472000226378441
52.162.1.120.320,0.09676800295710564
52.162.1.120.336,0.09728000313043594
52.162.1.120.352,0.09676800295710564
52.162.1.120.368,0.09523200243711472
52.162.1.120.384,0.09881599992513657
52.162.1.120.416,0.09676800295710564
52.162.1.120.448,0.09728000313043594
52.162.1.120.480,0.09728000313043594
52.162.1.120.512,0.09881599992513657
52.162.1.120.576,0.1008640006184578
52.162.1.120.640,0.09932800009846687
52.162.1.120.704,0.09779200330376625
52.162.1.120.768,0.09728000313043594
52.162.1.120.832,0.09881599992513657
52.162.1.120.896,0.09523200243711472
52.162.1.120.960,0.09625600278377533
52.162.1.120.1024,0.09932799637317657
52.162.1.124.1,0.10700799897313118
52.162.1.124.2,0.09983999654650688
52.162.1.124.4,0.1008639968931675
52.162.1.124.8,0.09728000313043594
52.162.1.124.12,0.10393599793314934
52.162.1.124.16,0.09676800295710564
52.162.1.124.20,0.09830400347709656
52.162.1.124.24,0.09676800295710564
52.162.1.124.28,0.09779200330376625
52.162.1.124.32,0.10342399775981903
52.162.1.124.36,0.09728000313043594
52.162.1.124.40,0.09574400261044502
52.162.1.124.44,0.10547199845314026
52.162.1.124.48,0.09625600278377533
52.162.1.124.52,0.09881599992513657
52.162.1.124.56,0.09523200243711472
52.162.1.124.60,0.09779200330376625
52.162.1.124.64,0.09830399975180626
52.162.1.124.68,0.09625600278377533
52.162.1.124.72,0.09779200330376625
52.162.1.124.76,0.09830399975180626
52.162.1.124.80,0.1008639968931675
52.162.1.124.84,0.09881599992513657
52.162.1.124.88,0.09984000027179718
52.162.1.124.92,0.09574400261044502
52.162.1.124.96,0.10188799723982811
52.162.1.124.100,0.09676800295710564
52.162.1.124.104,0.1013759970664978
52.162.1.124.108,0.10188799723982811
52.162.1.124.112,0.09625600278377533
52.162.1.124.116,0.09574400261044502
52.162.1.124.120,0.09728000313043594
52.162.1.124.124,0.09932800009846687
52.162.1.124.128,0.10035199671983719
52.162.1.124.136,0.09830400347709656
52.162.1.124.144,0.09932799637317657
52.162.1.124.152,0.09574400261044502
52.162.1.124.160,0.10035199671983719
52.162.1.124.168,0.09574400261044502
52.162.1.124.176,0.09830399975180626
52.162.1.124.184,0.09779200330376625
52.162.1.124.192,0.09625600278377533
52.162.1.124.200,0.10956799983978271
52.162.1.124.208,0.09779200330376625
52.162.1.124.216,0.10188799723982811
52.162.1.124.224,0.09779200330376625
52.162.1.124.232,0.1080319993197918
52.162.1.124.240,0.1085439994931221
52.162.1.124.248,0.10393599793314934
52.162.1.124.256,0.09779200330376625
52.162.1.124.272,0.10035200044512749
52.162.1.124.288,0.09676800295710564
52.162.1.124.304,0.09932799637317657
52.162.1.124.320,0.09983999654650688
52.162.1.124.336,0.10700799897313118
52.162.1.124.352,0.09881599992513657
52.162.1.124.368,0.09983999654650688
52.162.1.124.384,0.1013759970664978
52.162.1.124.416,0.09728000313043594
52.162.1.124.448,0.09625600278377533
52.162.1.124.480,0.09625600278377533
52.162.1.124.512,0.09625600278377533
52.162.1.124.576,0.09728000313043594
52.162.1.124.640,0.10342399775981903
52.162.1.124.704,0.09625600278377533
52.162.1.124.768,0.09881599992513657
52.162.1.124.832,0.09728000313043594
52.162.1.124.896,0.10751999914646149
52.162.1.124.960,0.09523200243711472
52.162.1.124.1024,0.09574400261044502
52.162.1.128.1,0.11673600226640701
52.162.1.128.2,0.09779200330376625
52.162.1.128.4,0.09523200243711472
52.162.1.128.8,0.09574400261044502
52.162.1.128.12,0.1080319993197918
52.162.1.128.16,0.09983999654650688
52.162.1.128.20,0.09932800009846687
52.162.1.128.24,0.09881599992513657
52.162.1.128.28,0.10342399775981903
52.162.1.128.32,0.09932800009846687
52.162.1.128.36,0.09830400347709656
52.162.1.128.40,0.09676800295710564
52.162.1.128.44,0.09830400347709656
52.162.1.128.48,0.09728000313043594
52.162.1.128.52,0.09830400347709656
52.162.1.128.56,0.09676800295710564
52.162.1.128.60,0.1008639968931675
52.162.1.128.64,0.09625600278377533
52.162.1.128.68,0.09830400347709656
52.162.1.128.72,0.09574400261044502
52.162.1.128.76,0.09932800009846687
52.162.1.128.80,0.09728000313043594
52.162.1.128.84,0.1013759970664978
52.162.1.128.88,0.09625600278377533
52.162.1.128.92,0.09728000313043594
52.162.1.128.96,0.09728000313043594
52.162.1.128.100,0.09728000313043594
52.162.1.128.104,0.09728000313043594
52.162.1.128.108,0.09779200330376625
52.162.1.128.112,0.09779200330376625
52.162.1.128.116,0.1008639968931675
52.162.1.128.120,0.09676800295710564
52.162.1.128.124,0.1008639968931675
52.162.1.128.128,0.09881599992513657
52.162.1.128.136,0.09830399975180626
52.162.1.128.144,0.10393599793314934
52.162.1.128.152,0.09728000313043594
52.162.1.128.160,0.09932800009846687
52.162.1.128.168,0.09881599992513657
52.162.1.128.176,0.09830399975180626
52.162.1.128.184,0.09983999654650688
52.162.1.128.192,0.09574400261044502
52.162.1.128.200,0.09676800295710564
52.162.1.128.208,0.09779200330376625
52.162.1.128.216,0.09830399975180626
52.162.1.128.224,0.09932799637317657
52.162.1.128.232,0.1008639968931675
52.162.1.128.240,0.09830399975180626
52.162.1.128.248,0.09932800009846687
52.162.1.128.256,0.09676800295710564
52.162.1.128.272,0.09625600278377533
52.162.1.128.288,0.09830400347709656
52.162.1.128.304,0.09676800295710564
52.162.1.128.320,0.1008639968931675
52.162.1.128.336,0.09779200330376625
52.162.1.128.352,0.09881599992513657
52.162.1.128.368,0.09728000313043594
52.162.1.128.384,0.09625600278377533
52.162.1.128.416,0.09472000226378441
52.162.1.128.448,0.09728000313043594
52.162.1.128.480,0.09728000313043594
52.162.1.128.512,0.09728000313043594
52.162.1.128.576,0.09728000313043594
52.162.1.128.640,0.09983999654650688
52.162.1.128.704,0.10035199671983719
52.162.1.128.768,0.09676800295710564
52.162.1.128.832,0.09830399975180626
52.162.1.128.896,0.1008639968931675
52.162.1.128.960,0.09625600278377533
52.162.1.128.1024,0.09830399975180626
52.162.1.136.1,0.11929600313305855
52.162.1.136.2,0.09932800009846687
52.162.1.136.4,0.09728000313043594
52.162.1.136.8,0.09932800009846687
52.162.1.136.12,0.09830400347709656
52.162.1.136.16,0.1008639968931675
52.162.1.136.20,0.10700799897313118
52.162.1.136.24,0.09830400347709656
52.162.1.136.28,0.10035200044512749
52.162.1.136.32,0.09830399975180626
52.162.1.136.36,0.09625600278377533
52.162.1.136.40,0.09574400261044502
52.162.1.136.44,0.09676800295710564
52.162.1.136.48,0.09779199957847595
52.162.1.136.52,0.09728000313043594
52.162.1.136.56,0.09881599992513657
52.162.1.136.60,0.09728000313043594
52.162.1.136.64,0.10291199758648872
52.162.1.136.68,0.09830400347709656
52.162.1.136.72,0.09932799637317657
52.162.1.136.76,0.09625600278377533
52.162.1.136.80,0.09676800295710564
52.162.1.136.84,0.09881599992513657
52.162.1.136.88,0.09830400347709656
52.162.1.136.92,0.09779200330376625
52.162.1.136.96,0.09830399975180626
52.162.1.136.100,0.09779200330376625
52.162.1.136.104,0.09830400347709656
52.162.1.136.108,0.09728000313043594
52.162.1.136.112,0.09881599992513657
52.162.1.136.116,0.09881599992513657
52.162.1.136.120,0.09830399975180626
52.162.1.136.124,0.09779200330376625
52.162.1.136.128,0.1008639968931675
52.162.1.136.136,0.09932799637317657
52.162.1.136.144,0.09983999654650688
52.162.1.136.152,0.09574400261044502
52.162.1.136.160,0.09932799637317657
52.162.1.136.168,0.09625600278377533
52.162.1.136.176,0.09779200330376625
52.162.1.136.184,0.1013759970664978
52.162.1.136.192,0.09983999654650688
52.162.1.136.200,0.09983999654650688
52.162.1.136.208,0.1008639968931675
52.162.1.136.216,0.09779200330376625
52.162.1.136.224,0.09574400261044502
52.162.1.136.232,0.09830400347709656
52.162.1.136.240,0.09728000313043594
52.162.1.136.248,0.09625600278377533
52.162.1.136.256,0.09625600278377533
52.162.1.136.272,0.09728000313043594
52.162.1.136.288,0.09779200330376625
52.162.1.136.304,0.09676800295710564
52.162.1.136.320,0.09728000313043594
52.162.1.136.336,0.09728000313043594
52.162.1.136.352,0.09625600278377533
52.162.1.136.368,0.09881599992513657
52.162.1.136.384,0.09676800295710564
52.162.1.136.416,0.09983999654650688
52.162.1.136.448,0.09932800009846687
52.162.1.136.480,0.09779200330376625
52.162.1.136.512,0.09779200330376625
52.162.1.136.576,0.09574400261044502
52.162.1.136.640,0.09523200243711472
52.162.1.136.704,0.09625600278377533
52.162.1.136.768,0.09779200330376625
52.162.1.136.832,0.09932800009846687
52.162.1.136.896,0.09830399975180626
52.162.1.136.960,0.09728000313043594
52.162.1.136.1024,0.09625600278377533
52.162.1.144.1,0.10700799897313118
52.162.1.144.2,0.10751999914646149
52.162.1.144.4,0.10547199845314026
52.162.1.144.8,0.09881599992513657
52.162.1.144.12,0.10700799897313118
52.162.1.144.16,0.09983999654650688
52.162.1.144.20,0.09728000313043594
52.162.1.144.24,0.09574400261044502
52.162.1.144.28,0.09932800009846687
52.162.1.144.32,0.09625600278377533
52.162.1.144.36,0.09728000313043594
52.162.1.144.40,0.1008639968931675
52.162.1.144.44,0.09625600278377533
52.162.1.144.48,0.09983999654650688
52.162.1.144.52,0.09676800295710564
52.162.1.144.56,0.09523200243711472
52.162.1.144.60,0.09779199957847595
52.162.1.144.64,0.1013759970664978
52.162.1.144.68,0.09984000027179718
52.162.1.144.72,0.09728000313043594
52.162.1.144.76,0.09881599992513657
52.162.1.144.80,0.09728000313043594
52.162.1.144.84,0.09779200330376625
52.162.1.144.88,0.09779200330376625
52.162.1.144.92,0.09881599992513657
52.162.1.144.96,0.09830400347709656
52.162.1.144.100,0.09881599992513657
52.162.1.144.104,0.1008639968931675
52.162.1.144.108,0.10291199758648872
52.162.1.144.112,0.09728000313043594
52.162.1.144.116,0.09676800295710564
52.162.1.144.120,0.0942080020904541
52.162.1.144.124,0.09728000313043594
52.162.1.144.128,0.09932800009846687
52.162.1.144.136,0.09881599992513657
52.162.1.144.144,0.09983999654650688
52.162.1.144.152,0.09728000313043594
52.162.1.144.160,0.10188799723982811
52.162.1.144.168,0.09830400347709656
52.162.1.144.176,0.09830399975180626
52.162.1.144.184,0.09779200330376625
52.162.1.144.192,0.10035199671983719
52.162.1.144.200,0.09779200330376625
52.162.1.144.208,0.09932800009846687
52.162.1.144.216,0.1013759970664978
52.162.1.144.224,0.09779200330376625
52.162.1.144.232,0.09779200330376625
52.162.1.144.240,0.09830399975180626
52.162.1.144.248,0.09984000027179718
52.162.1.144.256,0.09881599992513657
52.162.1.144.272,0.09523200243711472
52.162.1.144.288,0.09779199957847595
52.162.1.144.304,0.1008639968931675
52.162.1.144.320,0.09881599992513657
52.162.1.144.336,0.09676800295710564
52.162.1.144.352,0.09830400347709656
52.162.1.144.368,0.09676800295710564
52.162.1.144.384,0.10239999741315842
52.162.1.144.416,0.09881599992513657
52.162.1.144.448,0.09523200243711472
52.162.1.144.480,0.09779200330376625
52.162.1.144.512,0.09625600278377533
52.162.1.144.576,0.09574400261044502
52.162.1.144.640,0.09523200243711472
52.162.1.144.704,0.09625600278377533
52.162.1.144.768,0.09728000313043594
52.162.1.144.832,0.09625600278377533
52.162.1.144.896,0.09830399975180626
52.162.1.144.960,0.10035199671983719
52.162.1.144.1024,0.09881599992513657
52.162.1.152.1,0.10547199845314026
52.162.1.152.2,0.10035199671983719
52.162.1.152.4,0.10035199671983719
52.162.1.152.8,0.09830400347709656
52.162.1.152.12,0.09830399975180626
52.162.1.152.16,0.09676800295710564
52.162.1.152.20,0.1008639968931675
52.162.1.152.24,0.09728000313043594
52.162.1.152.28,0.10649599879980087
52.162.1.152.32,0.09932799637317657
52.162.1.152.36,0.09779200330376625
52.162.1.152.40,0.1008639968931675
52.162.1.152.44,0.09830400347709656
52.162.1.152.48,0.09830400347709656
52.162.1.152.52,0.09779200330376625
52.162.1.152.56,0.09779200330376625
52.162.1.152.60,0.09932800009846687
52.162.1.152.64,0.09830400347709656
52.162.1.152.68,0.09728000313043594
52.162.1.152.72,0.09881599992513657
52.162.1.152.76,0.09984000027179718
52.162.1.152.80,0.09676800295710564
52.162.1.152.84,0.09881599992513657
52.162.1.152.88,0.09779200330376625
52.162.1.152.92,0.09932800009846687
52.162.1.152.96,0.1008639968931675
52.162.1.152.100,0.10700799897313118
52.162.1.152.104,0.09779200330376625
52.162.1.152.108,0.09881599992513657
52.162.1.152.112,0.09881599992513657
52.162.1.152.116,0.09983999654650688
52.162.1.152.120,0.09728000313043594
52.162.1.152.124,0.09983999654650688
52.162.1.152.128,0.10035199671983719
52.162.1.152.136,0.09830400347709656
52.162.1.152.144,0.09830400347709656
52.162.1.152.152,0.09984000027179718
52.162.1.152.160,0.09932799637317657
52.162.1.152.168,0.09728000313043594
52.162.1.152.176,0.09625600278377533
52.162.1.152.184,0.09728000313043594
52.162.1.152.192,0.09574400261044502
52.162.1.152.200,0.09574400261044502
52.162.1.152.208,0.09728000313043594
52.162.1.152.216,0.09779199957847595
52.162.1.152.224,0.09676800295710564
52.162.1.152.232,0.09625600278377533
52.162.1.152.240,0.09523200243711472
52.162.1.152.248,0.09523200243711472
52.162.1.152.256,0.09625600278377533
52.162.1.152.272,0.09676800295710564
52.162.1.152.288,0.0936960019171238
52.162.1.152.304,0.0942080020904541
52.162.1.152.320,0.09574400261044502
52.162.1.152.336,0.10035199671983719
52.162.1.152.352,0.09625600278377533
52.162.1.152.368,0.09625600278377533
52.162.1.152.384,0.09676800295710564
52.162.1.152.416,0.09779200330376625
52.162.1.152.448,0.09676800295710564
52.162.1.152.480,0.09676800295710564
52.162.1.152.512,0.09830399975180626
52.162.1.152.576,0.10342399775981903
52.162.1.152.640,0.09625600278377533
52.162.1.152.704,0.09625600278377533
52.162.1.152.768,0.10035199671983719
52.162.1.152.832,0.09830400347709656
52.162.1.152.896,0.09881599992513657
52.162.1.152.960,0.10649599879980087
52.162.1.152.1024,0.09728000313043594
52.162.1.160.1,0.10751999914646149
52.162.1.160.2,0.09728000313043594
52.162.1.160.4,0.09574400261044502
52.162.1.160.8,0.09881599992513657
52.162.1.160.12,0.09625600278377533
52.162.1.160.16,0.10239999741315842
52.162.1.160.20,0.09625600278377533
52.162.1.160.24,0.09983999654650688
52.162.1.160.28,0.09881599992513657
52.162.1.160.32,0.09881599992513657
52.162.1.160.36,0.09881599992513657
52.162.1.160.40,0.1013759970664978
52.162.1.160.44,0.09676800295710564
52.162.1.160.48,0.09676800295710564
52.162.1.160.52,0.09881599992513657
52.162.1.160.56,0.09932800009846687
52.162.1.160.60,0.10239999741315842
52.162.1.160.64,0.09676800295710564
52.162.1.160.68,0.09728000313043594
52.162.1.160.72,0.09728000313043594
52.162.1.160.76,0.09830399975180626
52.162.1.160.80,0.09932800009846687
52.162.1.160.84,0.09932800009846687
52.162.1.160.88,0.09779199957847595
52.162.1.160.92,0.10035199671983719
52.162.1.160.96,0.09625600278377533
52.162.1.160.100,0.09881599992513657
52.162.1.160.104,0.09983999654650688
52.162.1.160.108,0.09728000313043594
52.162.1.160.112,0.09881599992513657
52.162.1.160.116,0.09676800295710564
52.162.1.160.120,0.10239999741315842
52.162.1.160.124,0.09779200330376625
52.162.1.160.128,0.09984000027179718
52.162.1.160.136,0.09676800295710564
52.162.1.160.144,0.09779200330376625
52.162.1.160.152,0.10035200044512749
52.162.1.160.160,0.09625600278377533
52.162.1.160.168,0.09728000313043594
52.162.1.160.176,0.09830400347709656
52.162.1.160.184,0.09728000313043594
52.162.1.160.192,0.10035199671983719
52.162.1.160.200,0.09881599992513657
52.162.1.160.208,0.09932800009846687
52.162.1.160.216,0.09830399975180626
52.162.1.160.224,0.09574400261044502
52.162.1.160.232,0.09779199957847595
52.162.1.160.240,0.09625600278377533
52.162.1.160.248,0.09625600278377533
52.162.1.160.256,0.09728000313043594
52.162.1.160.272,0.09625600278377533
52.162.1.160.288,0.09625600278377533
52.162.1.160.304,0.09676800295710564
52.162.1.160.320,0.09779200330376625
52.162.1.160.336,0.09574400261044502
52.162.1.160.352,0.09779200330376625
52.162.1.160.368,0.10035199671983719
52.162.1.160.384,0.09830400347709656
52.162.1.160.416,0.09574400261044502
52.162.1.160.448,0.09523200243711472
52.162.1.160.480,0.09728000313043594
52.162.1.160.512,0.09523200243711472
52.162.1.160.576,0.09523200243711472
52.162.1.160.640,0.10035200044512749
52.162.1.160.704,0.09676800295710564
52.162.1.160.768,0.0942080020904541
52.162.1.160.832,0.09728000313043594
52.162.1.160.896,0.09779200330376625
52.162.1.160.960,0.09728000313043594
52.162.1.160.1024,0.09881599992513657
52.162.1.168.1,0.10495999827980995
52.162.1.168.2,0.10239999741315842
52.162.1.168.4,0.09984000027179718
52.162.1.168.8,0.10035199671983719
52.162.1.168.12,0.09830399975180626
52.162.1.168.16,0.10035199671983719
52.162.1.168.20,0.09932800009846687
52.162.1.168.24,0.09625600278377533
52.162.1.168.28,0.09830400347709656
52.162.1.168.32,0.09881599992513657
52.162.1.168.36,0.10035199671983719
52.162.1.168.40,0.09881599992513657
52.162.1.168.44,0.09779200330376625
52.162.1.168.48,0.09625600278377533
52.162.1.168.52,0.09779200330376625
52.162.1.168.56,0.1013759970664978
52.162.1.168.60,0.09779200330376625
52.162.1.168.64,0.09779200330376625
52.162.1.168.68,0.10547199845314026
52.162.1.168.72,0.10035199671983719
52.162.1.168.76,0.1008639968931675
52.162.1.168.80,0.09881599992513657
52.162.1.168.84,0.10035200044512749
52.162.1.168.88,0.10035199671983719
52.162.1.168.92,0.1085439994931221
52.162.1.168.96,0.09881599992513657
52.162.1.168.100,0.09984000027179718
52.162.1.168.104,0.09881599992513657
52.162.1.168.108,0.09472000226378441
52.162.1.168.112,0.09728000313043594
52.162.1.168.116,0.09932799637317657
52.162.1.168.120,0.09932799637317657
52.162.1.168.124,0.10035200044512749
52.162.1.168.128,0.09779200330376625
52.162.1.168.136,0.09932799637317657
52.162.1.168.144,0.1013759970664978
52.162.1.168.152,0.09676800295710564
52.162.1.168.160,0.09728000313043594
52.162.1.168.168,0.09676800295710564
52.162.1.168.176,0.09830400347709656
52.162.1.168.184,0.09728000313043594
52.162.1.168.192,0.09983999654650688
52.162.1.168.200,0.09728000313043594
52.162.1.168.208,0.09728000313043594
52.162.1.168.216,0.09881599992513657
52.162.1.168.224,0.09523200243711472
52.162.1.168.232,0.09676800295710564
52.162.1.168.240,0.09676800295710564
52.162.1.168.248,0.09983999654650688
52.162.1.168.256,0.09881599992513657
52.162.1.168.272,0.09881599992513657
52.162.1.168.288,0.09728000313043594
52.162.1.168.304,0.09830400347709656
52.162.1.168.320,0.09676800295710564
52.162.1.168.336,0.09728000313043594
52.162.1.168.352,0.09625600278377533
52.162.1.168.368,0.09779200330376625
52.162.1.168.384,0.09728000313043594
52.162.1.168.416,0.09779200330376625
52.162.1.168.448,0.09523200243711472
52.162.1.168.480,0.09984000027179718
52.162.1.168.512,0.09728000313043594
52.162.1.168.576,0.09728000313043594
52.162.1.168.640,0.09676800295710564
52.162.1.168.704,0.09779200330376625
52.162.1.168.768,0.1008639968931675
52.162.1.168.832,0.09881599992513657
52.162.1.168.896,0.09676800295710564
52.162.1.168.960,0.09728000313043594
52.162.1.168.1024,0.09728000313043594
52.162.1.176.1,0.10751999914646149
52.162.1.176.2,0.09932800009846687
52.162.1.176.4,0.09932800009846687
52.162.1.176.8,0.10035200044512749
52.162.1.176.12,0.10035199671983719
52.162.1.176.16,0.09625600278377533
52.162.1.176.20,0.09625600278377533
52.162.1.176.24,0.09676800295710564
52.162.1.176.28,0.10188799723982811
52.162.1.176.32,0.1008639968931675
52.162.1.176.36,0.10239999741315842
52.162.1.176.40,0.09984000027179718
52.162.1.176.44,0.09984000027179718
52.162.1.176.48,0.09625600278377533
52.162.1.176.52,0.1008639968931675
52.162.1.176.56,0.10035199671983719
52.162.1.176.60,0.09881599992513657
52.162.1.176.64,0.09830400347709656
52.162.1.176.68,0.1008639968931675
52.162.1.176.72,0.09984000027179718
52.162.1.176.76,0.09932800009846687
52.162.1.176.80,0.09676800295710564
52.162.1.176.84,0.09676800295710564
52.162.1.176.88,0.09881599992513657
52.162.1.176.92,0.09932799637317657
52.162.1.176.96,0.09983999654650688
52.162.1.176.100,0.09932800009846687
52.162.1.176.104,0.09830399975180626
52.162.1.176.108,0.09881599992513657
52.162.1.176.112,0.10035199671983719
52.162.1.176.116,0.09574400261044502
52.162.1.176.120,0.09830400347709656
52.162.1.176.124,0.10035199671983719
52.162.1.176.128,0.1008640006184578
52.162.1.176.136,0.09830399975180626
52.162.1.176.144,0.09830400347709656
52.162.1.176.152,0.09676800295710564
52.162.1.176.160,0.09779200330376625
52.162.1.176.168,0.09625600278377533
52.162.1.176.176,0.09830399975180626
52.162.1.176.184,0.09779200330376625
52.162.1.176.192,0.09728000313043594
52.162.1.176.200,0.09881599992513657
52.162.1.176.208,0.09830400347709656
52.162.1.176.216,0.09728000313043594
52.162.1.176.224,0.09984000027179718
52.162.1.176.232,0.09830399975180626
52.162.1.176.240,0.09983999654650688
52.162.1.176.248,0.09984000027179718
52.162.1.176.256,0.09881599992513657
52.162.1.176.272,0.09728000313043594
52.162.1.176.288,0.09830399975180626
52.162.1.176.304,0.10495999827980995
52.162.1.176.320,0.09728000313043594
52.162.1.176.336,0.09830400347709656
52.162.1.176.352,0.09523200243711472
52.162.1.176.368,0.09728000313043594
52.162.1.176.384,0.09932799637317657
52.162.1.176.416,0.09676800295710564
52.162.1.176.448,0.09625600278377533
52.162.1.176.480,0.09728000313043594
52.162.1.176.512,0.09676800295710564
52.162.1.176.576,0.09728000313043594
52.162.1.176.640,0.10188799723982811
52.162.1.176.704,0.09728000313043594
52.162.1.176.768,0.09728000313043594
52.162.1.176.832,0.09625600278377533
52.162.1.176.896,0.09625600278377533
52.162.1.176.960,0.09983999654650688
52.162.1.176.1024,0.09625600278377533
52.162.1.184.1,0.10905599966645241
52.162.1.184.2,0.10188799723982811
52.162.1.184.4,0.09932799637317657
52.162.1.184.8,0.09932800009846687
52.162.1.184.12,0.1008639968931675
52.162.1.184.16,0.09983999654650688
52.162.1.184.20,0.10035199671983719
52.162.1.184.24,0.09830400347709656
52.162.1.184.28,0.09830399975180626
52.162.1.184.32,0.09676800295710564
52.162.1.184.36,0.10035199671983719
52.162.1.184.40,0.09881599992513657
52.162.1.184.44,0.09574400261044502
52.162.1.184.48,0.09728000313043594
52.162.1.184.52,0.09728000313043594
52.162.1.184.56,0.09881599992513657
52.162.1.184.60,0.10649599879980087
52.162.1.184.64,0.09881599992513657
52.162.1.184.68,0.09676800295710564
52.162.1.184.72,0.10239999741315842
52.162.1.184.76,0.10393599793314934
52.162.1.184.80,0.09728000313043594
52.162.1.184.84,0.09779200330376625
52.162.1.184.88,0.09881599992513657
52.162.1.184.92,0.09779200330376625
52.162.1.184.96,0.09932800009846687
52.162.1.184.100,0.09779200330376625
52.162.1.184.104,0.09932800009846687
52.162.1.184.108,0.09983999654650688
52.162.1.184.112,0.09779200330376625
52.162.1.184.116,0.09881599992513657
52.162.1.184.120,0.09932799637317657
52.162.1.184.124,0.09574400261044502
52.162.1.184.128,0.10035199671983719
52.162.1.184.136,0.09984000027179718
52.162.1.184.144,0.09830400347709656
52.162.1.184.152,0.09932800009846687
52.162.1.184.160,0.09779200330376625
52.162.1.184.168,0.09881599992513657
52.162.1.184.176,0.09728000313043594
52.162.1.184.184,0.09574400261044502
52.162.1.184.192,0.09728000313043594
52.162.1.184.200,0.10444799810647964
52.162.1.184.208,0.09625600278377533
52.162.1.184.216,0.09676800295710564
52.162.1.184.224,0.09932800009846687
52.162.1.184.232,0.09779200330376625
52.162.1.184.240,0.09932800009846687
52.162.1.184.248,0.09830400347709656
52.162.1.184.256,0.1008639968931675
52.162.1.184.272,0.09830400347709656
52.162.1.184.288,0.1008640006184578
52.162.1.184.304,0.10239999741315842
52.162.1.184.320,0.10700799897313118
52.162.1.184.336,0.09625600278377533
52.162.1.184.352,0.09984000027179718
52.162.1.184.368,0.09574400261044502
52.162.1.184.384,0.09625600278377533
52.162.1.184.416,0.09728000313043594
52.162.1.184.448,0.09574400261044502
52.162.1.184.480,0.09676800295710564
52.162.1.184.512,0.09625600278377533
52.162.1.184.576,0.09625600278377533
52.162.1.184.640,0.09779200330376625
52.162.1.184.704,0.09779200330376625
52.162.1.184.768,0.09523200243711472
52.162.1.184.832,0.09830400347709656
52.162.1.184.896,0.09779200330376625
52.162.1.184.960,0.09728000313043594
52.162.1.184.1024,0.09676800295710564
52.162.1.192.1,0.10751999914646149
52.162.1.192.2,0.10547199845314026
52.162.1.192.4,0.10035199671983719
52.162.1.192.8,0.1013759970664978
52.162.1.192.12,0.11264000087976456
52.162.1.192.16,0.10188799723982811
52.162.1.192.20,0.10342399775981903
52.162.1.192.24,0.10342399775981903
52.162.1.192.28,0.10188799723982811
52.162.1.192.32,0.1008639968931675
52.162.1.192.36,0.09932799637317657
52.162.1.192.40,0.1008639968931675
52.162.1.192.44,0.09983999654650688
52.162.1.192.48,0.10239999741315842
52.162.1.192.52,0.10956799983978271
52.162.1.192.56,0.10188799723982811
52.162.1.192.60,0.09881599992513657
52.162.1.192.64,0.10035199671983719
52.162.1.192.68,0.09779200330376625
52.162.1.192.72,0.10393599793314934
52.162.1.192.76,0.10751999914646149
52.162.1.192.80,0.10291199758648872
52.162.1.192.84,0.09472000226378441
52.162.1.192.88,0.10342399775981903
52.162.1.192.92,0.10495999827980995
52.162.1.192.96,0.09830399975180626
52.162.1.192.100,0.09932800009846687
52.162.1.192.104,0.10188799723982811
52.162.1.192.108,0.10444799810647964
52.162.1.192.112,0.10239999741315842
52.162.1.192.116,0.1013759970664978
52.162.1.192.120,0.1013759970664978
52.162.1.192.124,0.10649599879980087
52.162.1.192.128,0.10291199758648872
52.162.1.192.136,0.10035199671983719
52.162.1.192.144,0.10035199671983719
52.162.1.192.152,0.1013759970664978
52.162.1.192.160,0.10291199758648872
52.162.1.192.168,0.10239999741315842
52.162.1.192.176,0.1013759970664978
52.162.1.192.184,0.1008639968931675
52.162.1.192.192,0.09881599992513657
52.162.1.192.200,0.1008639968931675
52.162.1.192.208,0.09881599992513657
52.162.1.192.216,0.10444799810647964
52.162.1.192.224,0.10239999741315842
52.162.1.192.232,0.09676800295710564
52.162.1.192.240,0.1013759970664978
52.162.1.192.248,0.10444799810647964
52.162.1.192.256,0.09983999654650688
52.162.1.192.272,0.09932799637317657
52.162.1.192.288,0.09932799637317657
52.162.1.192.304,0.1013759970664978
52.162.1.192.320,0.10239999741315842
52.162.1.192.336,0.10035199671983719
52.162.1.192.352,0.10035199671983719
52.162.1.192.368,0.09779200330376625
52.162.1.192.384,0.09676800295710564
52.162.1.192.416,0.09472000226378441
52.162.1.192.448,0.09728000313043594
52.162.1.192.480,0.09676800295710564
52.162.1.192.512,0.10905599966645241
52.162.1.192.576,0.09881599992513657
52.162.1.192.640,0.09779200330376625
52.162.1.192.704,0.09625600278377533
52.162.1.192.768,0.09728000313043594
52.162.1.192.832,0.09728000313043594
52.162.1.192.896,0.09574400261044502
52.162.1.192.960,0.09472000226378441
52.162.1.192.1024,0.09830399975180626
52.162.1.200.1,0.10547199845314026
52.162.1.200.2,0.11059200018644333
52.162.1.200.4,0.10035199671983719
52.162.1.200.8,0.1008639968931675
52.162.1.200.12,0.1013759970664978
52.162.1.200.16,0.10035199671983719
52.162.1.200.20,0.10239999741315842
52.162.1.200.24,0.1008639968931675
52.162.1.200.28,0.11059200018644333
52.162.1.200.32,0.10239999741315842
52.162.1.200.36,0.10751999914646149
52.162.1.200.40,0.09881599992513657
52.162.1.200.44,0.09932799637317657
52.162.1.200.48,0.10035199671983719
52.162.1.200.52,0.10035199671983719
52.162.1.200.56,0.10239999741315842
52.162.1.200.60,0.09676800295710564
52.162.1.200.64,0.1008639968931675
52.162.1.200.68,0.1013759970664978
52.162.1.200.72,0.09830399975180626
52.162.1.200.76,0.09625600278377533
52.162.1.200.80,0.09932800009846687
52.162.1.200.84,0.09830400347709656
52.162.1.200.88,0.10188799723982811
52.162.1.200.92,0.09830399975180626
52.162.1.200.96,0.10342399775981903
52.162.1.200.100,0.09676800295710564
52.162.1.200.104,0.1008639968931675
52.162.1.200.108,0.09676800295710564
52.162.1.200.112,0.10188799723982811
52.162.1.200.116,0.09728000313043594
52.162.1.200.120,0.10035199671983719
52.162.1.200.124,0.1013759970664978
52.162.1.200.128,0.10188799723982811
52.162.1.200.136,0.10239999741315842
52.162.1.200.144,0.09983999654650688
52.162.1.200.152,0.10239999741315842
52.162.1.200.160,0.09932799637317657
52.162.1.200.168,0.10239999741315842
52.162.1.200.176,0.09932800009846687
52.162.1.200.184,0.1008639968931675
52.162.1.200.192,0.1013759970664978
52.162.1.200.200,0.1013759970664978
52.162.1.200.208,0.09983999654650688
52.162.1.200.216,0.10035199671983719
52.162.1.200.224,0.10035199671983719
52.162.1.200.232,0.09983999654650688
52.162.1.200.240,0.09983999654650688
52.162.1.200.248,0.10239999741315842
52.162.1.200.256,0.10035199671983719
52.162.1.200.272,0.09881599992513657
52.162.1.200.288,0.09881599992513657
52.162.1.200.304,0.10239999741315842
52.162.1.200.320,0.10291199758648872
52.162.1.200.336,0.10188799723982811
52.162.1.200.352,0.1008639968931675
52.162.1.200.368,0.09830400347709656
52.162.1.200.384,0.09676800295710564
52.162.1.200.416,0.1008639968931675
52.162.1.200.448,0.09676800295710564
52.162.1.200.480,0.09779200330376625
52.162.1.200.512,0.09881599992513657
52.162.1.200.576,0.09574400261044502
52.162.1.200.640,0.09830400347709656
52.162.1.200.704,0.09881599992513657
52.162.1.200.768,0.09983999654650688
52.162.1.200.832,0.09881599992513657
52.162.1.200.896,0.09830399975180626
52.162.1.200.960,0.09676800295710564
52.162.1.200.1024,0.09830400347709656
52.162.1.208.1,0.10751999914646149
52.162.1.208.2,0.10547199845314026
52.162.1.208.4,0.10393599793314934
52.162.1.208.8,0.10291199758648872
52.162.1.208.12,0.10239999741315842
52.162.1.208.16,0.10342399775981903
52.162.1.208.20,0.09779200330376625
52.162.1.208.24,0.09983999654650688
52.162.1.208.28,0.10291199758648872
52.162.1.208.32,0.10239999741315842
52.162.1.208.36,0.1013759970664978
52.162.1.208.40,0.10342399775981903
52.162.1.208.44,0.1008639968931675
52.162.1.208.48,0.10035199671983719
52.162.1.208.52,0.1013759970664978
52.162.1.208.56,0.09983999654650688
52.162.1.208.60,0.09625600278377533
52.162.1.208.64,0.1008639968931675
52.162.1.208.68,0.09983999654650688
52.162.1.208.72,0.10188799723982811
52.162.1.208.76,0.1008639968931675
52.162.1.208.80,0.1013759970664978
52.162.1.208.84,0.09881599992513657
52.162.1.208.88,0.1013759970664978
52.162.1.208.92,0.09625600278377533
52.162.1.208.96,0.1013759970664978
52.162.1.208.100,0.09983999654650688
52.162.1.208.104,0.09830399975180626
52.162.1.208.108,0.10239999741315842
52.162.1.208.112,0.10393599793314934
52.162.1.208.116,0.09779200330376625
52.162.1.208.120,0.1013759970664978
52.162.1.208.124,0.09625600278377533
52.162.1.208.128,0.1013759970664978
52.162.1.208.136,0.10188799723982811
52.162.1.208.144,0.10035199671983719
52.162.1.208.152,0.10495999827980995
52.162.1.208.160,0.10342399775981903
52.162.1.208.168,0.09830400347709656
52.162.1.208.176,0.10035200044512749
52.162.1.208.184,0.09983999654650688
52.162.1.208.192,0.10035199671983719
52.162.1.208.200,0.09932799637317657
52.162.1.208.208,0.10239999741315842
52.162.1.208.216,0.1008639968931675
52.162.1.208.224,0.1008639968931675
52.162.1.208.232,0.09779200330376625
52.162.1.208.240,0.1013759970664978
52.162.1.208.248,0.10035199671983719
52.162.1.208.256,0.09983999654650688
52.162.1.208.272,0.10035199671983719
52.162.1.208.288,0.10291199758648872
52.162.1.208.304,0.1008639968931675
52.162.1.208.320,0.1008639968931675
52.162.1.208.336,0.10035199671983719
52.162.1.208.352,0.10035199671983719
52.162.1.208.368,0.09881599992513657
52.162.1.208.384,0.09625600278377533
52.162.1.208.416,0.09779199957847595
52.162.1.208.448,0.09779200330376625
52.162.1.208.480,0.09932800009846687
52.162.1.208.512,0.1008639968931675
52.162.1.208.576,0.09676800295710564
52.162.1.208.640,0.09523200243711472
52.162.1.208.704,0.09728000313043594
52.162.1.208.768,0.09625600278377533
52.162.1.208.832,0.10035200044512749
52.162.1.208.896,0.10035199671983719
52.162.1.208.960,0.09728000313043594
52.162.1.208.1024,0.09779200330376625
52.162.1.216.1,0.11827200278639793
52.162.1.216.2,0.10393599793314934
52.162.1.216.4,0.1085439994931221
52.162.1.216.8,0.10444799810647964
52.162.1.216.12,0.10035199671983719
52.162.1.216.16,0.10393599793314934
52.162.1.216.20,0.10188799723982811
52.162.1.216.24,0.10188799723982811
52.162.1.216.28,0.1008639968931675
52.162.1.216.32,0.1008639968931675
52.162.1.216.36,0.10035199671983719
52.162.1.216.40,0.1013759970664978
52.162.1.216.44,0.09932799637317657
52.162.1.216.48,0.1013759970664978
52.162.1.216.52,0.09983999654650688
52.162.1.216.56,0.10291199758648872
52.162.1.216.60,0.09676800295710564
52.162.1.216.64,0.1008639968931675
52.162.1.216.68,0.09881599992513657
52.162.1.216.72,0.10291199758648872
52.162.1.216.76,0.09625600278377533
52.162.1.216.80,0.10956799983978271
52.162.1.216.84,0.09625600278377533
52.162.1.216.88,0.10188799723982811
52.162.1.216.92,0.09676800295710564
52.162.1.216.96,0.1008639968931675
52.162.1.216.100,0.09625600278377533
52.162.1.216.104,0.1008639968931675
52.162.1.216.108,0.09881599992513657
52.162.1.216.112,0.1013759970664978
52.162.1.216.116,0.09881599992513657
52.162.1.216.120,0.10035199671983719
52.162.1.216.124,0.09625600278377533
52.162.1.216.128,0.10291199758648872
52.162.1.216.136,0.10188799723982811
52.162.1.216.144,0.10393599793314934
52.162.1.216.152,0.10035199671983719
52.162.1.216.160,0.10188799723982811
52.162.1.216.168,0.09983999654650688
52.162.1.216.176,0.1013759970664978
52.162.1.216.184,0.09983999654650688
52.162.1.216.192,0.10444799810647964
52.162.1.216.200,0.09983999654650688
52.162.1.216.208,0.1013759970664978
52.162.1.216.216,0.10188799723982811
52.162.1.216.224,0.10291199758648872
52.162.1.216.232,0.1013759970664978
52.162.1.216.240,0.10035199671983719
52.162.1.216.248,0.10342399775981903
52.162.1.216.256,0.09983999654650688
52.162.1.216.272,0.10188799723982811
52.162.1.216.288,0.09779200330376625
52.162.1.216.304,0.10291199758648872
52.162.1.216.320,0.10495999827980995
52.162.1.216.336,0.10188799723982811
52.162.1.216.352,0.10035199671983719
52.162.1.216.368,0.09932800009846687
52.162.1.216.384,0.09523200243711472
52.162.1.216.416,0.09676800295710564
52.162.1.216.448,0.09830400347709656
52.162.1.216.480,0.09523200243711472
52.162.1.216.512,0.09881599992513657
52.162.1.216.576,0.09728000313043594
52.162.1.216.640,0.09830399975180626
52.162.1.216.704,0.09779200330376625
52.162.1.216.768,0.09728000313043594
52.162.1.216.832,0.09728000313043594
52.162.1.216.896,0.09728000313043594
52.162.1.216.960,0.09727999940514565
52.162.1.216.1024,0.09779200330376625
52.162.1.224.1,0.1085439994931221
52.162.1.224.2,0.10342399775981903
52.162.1.224.4,0.10188799723982811
52.162.1.224.8,0.10035199671983719
52.162.1.224.12,0.10035199671983719
52.162.1.224.16,0.1013759970664978
52.162.1.224.20,0.1008639968931675
52.162.1.224.24,0.10239999741315842
52.162.1.224.28,0.10188799723982811
52.162.1.224.32,0.10188799723982811
52.162.1.224.36,0.10342399775981903
52.162.1.224.40,0.10700799897313118
52.162.1.224.44,0.1008639968931675
52.162.1.224.48,0.1013759970664978
52.162.1.224.52,0.09881599992513657
52.162.1.224.56,0.09779200330376625
52.162.1.224.60,0.1013759970664978
52.162.1.224.64,0.10239999741315842
52.162.1.224.68,0.09881599992513657
52.162.1.224.72,0.1013759970664978
52.162.1.224.76,0.09728000313043594
52.162.1.224.80,0.10342399775981903
52.162.1.224.84,0.09830399975180626
52.162.1.224.88,0.10188799723982811
52.162.1.224.92,0.10035199671983719
52.162.1.224.96,0.10239999741315842
52.162.1.224.100,0.09625600278377533
52.162.1.224.104,0.10495999827980995
52.162.1.224.108,0.09779199957847595
52.162.1.224.112,0.1013759970664978
52.162.1.224.116,0.10547199845314026
52.162.1.224.120,0.1013759970664978
52.162.1.224.124,0.09625600278377533
52.162.1.224.128,0.10035199671983719
52.162.1.224.136,0.09830400347709656
52.162.1.224.144,0.1085439994931221
52.162.1.224.152,0.10035199671983719
52.162.1.224.160,0.10239999741315842
52.162.1.224.168,0.09983999654650688
52.162.1.224.176,0.10035199671983719
52.162.1.224.184,0.1013759970664978
52.162.1.224.192,0.1013759970664978
52.162.1.224.200,0.09983999654650688
52.162.1.224.208,0.10035199671983719
52.162.1.224.216,0.10188799723982811
52.162.1.224.224,0.1008639968931675
52.162.1.224.232,0.10291199758648872
52.162.1.224.240,0.1008639968931675
52.162.1.224.248,0.10188799723982811
52.162.1.224.256,0.10188799723982811
52.162.1.224.272,0.10495999827980995
52.162.1.224.288,0.10188799723982811
52.162.1.224.304,0.10035199671983719
52.162.1.224.320,0.10188799723982811
52.162.1.224.336,0.09983999654650688
52.162.1.224.352,0.10035199671983719
52.162.1.224.368,0.1008639968931675
52.162.1.224.384,0.09523200243711472
52.162.1.224.416,0.09625600278377533
52.162.1.224.448,0.09932800009846687
52.162.1.224.480,0.09574400261044502
52.162.1.224.512,0.09574400261044502
52.162.1.224.576,0.09625600278377533
52.162.1.224.640,0.09625600278377533
52.162.1.224.704,0.09728000313043594
52.162.1.224.768,0.1085439994931221
52.162.1.224.832,0.09574400261044502
52.162.1.224.896,0.09574400261044502
52.162.1.224.960,0.09574400261044502
52.162.1.224.1024,0.09728000313043594
52.162.1.232.1,0.11264000087976456
52.162.1.232.2,0.10035199671983719
52.162.1.232.4,0.10751999914646149
52.162.1.232.8,0.10291199758648872
52.162.1.232.12,0.10291199758648872
52.162.1.232.16,0.10035199671983719
52.162.1.232.20,0.09983999654650688
52.162.1.232.24,0.10035199671983719
52.162.1.232.28,0.10495999827980995
52.162.1.232.32,0.10239999741315842
52.162.1.232.36,0.1008639968931675
52.162.1.232.40,0.10342399775981903
52.162.1.232.44,0.10035199671983719
52.162.1.232.48,0.10239999741315842
52.162.1.232.52,0.09983999654650688
52.162.1.232.56,0.1008639968931675
52.162.1.232.60,0.09779200330376625
52.162.1.232.64,0.10291199758648872
52.162.1.232.68,0.09932799637317657
52.162.1.232.72,0.1008639968931675
52.162.1.232.76,0.10188799723982811
52.162.1.232.80,0.10393599793314934
52.162.1.232.84,0.09881599992513657
52.162.1.232.88,0.1013759970664978
52.162.1.232.92,0.09830399975180626
52.162.1.232.96,0.10495999827980995
52.162.1.232.100,0.09881599992513657
52.162.1.232.104,0.09932799637317657
52.162.1.232.108,0.09881599992513657
52.162.1.232.112,0.10291199758648872
52.162.1.232.116,0.09676800295710564
52.162.1.232.120,0.1013759970664978
52.162.1.232.124,0.09523200243711472
52.162.1.232.128,0.10342399775981903
52.162.1.232.136,0.09830400347709656
52.162.1.232.144,0.10035199671983719
52.162.1.232.152,0.09983999654650688
52.162.1.232.160,0.10188799723982811
52.162.1.232.168,0.10239999741315842
52.162.1.232.176,0.10291199758648872
52.162.1.232.184,0.09881599992513657
52.162.1.232.192,0.09932799637317657
52.162.1.232.200,0.09881599992513657
52.162.1.232.208,0.09830400347709656
52.162.1.232.216,0.09984000027179718
52.162.1.232.224,0.09983999654650688
52.162.1.232.232,0.09932799637317657
52.162.1.232.240,0.1008639968931675
52.162.1.232.248,0.10239999741315842
52.162.1.232.256,0.10188799723982811
52.162.1.232.272,0.10239999741315842
52.162.1.232.288,0.1008639968931675
52.162.1.232.304,0.09932799637317657
52.162.1.232.320,0.1013759970664978
52.162.1.232.336,0.09932800009846687
52.162.1.232.352,0.09983999654650688
52.162.1.232.368,0.09983999654650688
52.162.1.232.384,0.09676800295710564
52.162.1.232.416,0.09728000313043594
52.162.1.232.448,0.09676800295710564
52.162.1.232.480,0.09676800295710564
52.162.1.232.512,0.09728000313043594
52.162.1.232.576,0.09728000313043594
52.162.1.232.640,0.09728000313043594
52.162.1.232.704,0.09625600278377533
52.162.1.232.768,0.09779200330376625
52.162.1.232.832,0.09881599992513657
52.162.1.232.896,0.09779200330376625
52.162.1.232.960,0.09676800295710564
52.162.1.232.1024,0.09728000313043594
52.162.1.240.1,0.10905599966645241
52.162.1.240.2,0.10342399775981903
52.162.1.240.4,0.10188799723982811
52.162.1.240.8,0.1008639968931675
52.162.1.240.12,0.09983999654650688
52.162.1.240.16,0.10188799723982811
52.162.1.240.20,0.09881599992513657
52.162.1.240.24,0.1013759970664978
52.162.1.240.28,0.10291199758648872
52.162.1.240.32,0.10035199671983719
52.162.1.240.36,0.1085439994931221
52.162.1.240.40,0.09983999654650688
52.162.1.240.44,0.1008639968931675
52.162.1.240.48,0.10444799810647964
52.162.1.240.52,0.1008639968931675
52.162.1.240.56,0.10649599879980087
52.162.1.240.60,0.09983999654650688
52.162.1.240.64,0.10291199758648872
52.162.1.240.68,0.09830399975180626
52.162.1.240.72,0.10188799723982811
52.162.1.240.76,0.09983999654650688
52.162.1.240.80,0.1008639968931675
52.162.1.240.84,0.09830400347709656
52.162.1.240.88,0.10035199671983719
52.162.1.240.92,0.09472000226378441
52.162.1.240.96,0.1013759970664978
52.162.1.240.100,0.10700799897313118
52.162.1.240.104,0.10239999741315842
52.162.1.240.108,0.09983999654650688
52.162.1.240.112,0.09932799637317657
52.162.1.240.116,0.09830399975180626
52.162.1.240.120,0.10035199671983719
52.162.1.240.124,0.10649599879980087
52.162.1.240.128,0.10547199845314026
52.162.1.240.136,0.10239999741315842
52.162.1.240.144,0.1013759970664978
52.162.1.240.152,0.1013759970664978
52.162.1.240.160,0.09983999654650688
52.162.1.240.168,0.10239999741315842
52.162.1.240.176,0.09932799637317657
52.162.1.240.184,0.09932800009846687
52.162.1.240.192,0.10239999741315842
52.162.1.240.200,0.10547199845314026
52.162.1.240.208,0.10188799723982811
52.162.1.240.216,0.10239999741315842
52.162.1.240.224,0.10239999741315842
52.162.1.240.232,0.09881599992513657
52.162.1.240.240,0.1008639968931675
52.162.1.240.248,0.1013759970664978
52.162.1.240.256,0.10239999741315842
52.162.1.240.272,0.10239999741315842
52.162.1.240.288,0.09932799637317657
52.162.1.240.304,0.09830400347709656
52.162.1.240.320,0.09881599992513657
52.162.1.240.336,0.09932799637317657
52.162.1.240.352,0.10035199671983719
52.162.1.240.368,0.10188799723982811
52.162.1.240.384,0.09779200330376625
52.162.1.240.416,0.09932800009846687
52.162.1.240.448,0.10239999741315842
52.162.1.240.480,0.09983999654650688
52.162.1.240.512,0.09830400347709656
52.162.1.240.576,0.09779200330376625
52.162.1.240.640,0.0936960019171238
52.162.1.240.704,0.09728000313043594
52.162.1.240.768,0.09779200330376625
52.162.1.240.832,0.09728000313043594
52.162.1.240.896,0.09779200330376625
52.162.1.240.960,0.09983999654650688
52.162.1.240.1024,0.09472000226378441
52.162.1.248.1,0.1080319993197918
52.162.1.248.2,0.10291199758648872
52.162.1.248.4,0.10342399775981903
52.162.1.248.8,0.10393599793314934
52.162.1.248.12,0.10035199671983719
52.162.1.248.16,0.10239999741315842
52.162.1.248.20,0.10188799723982811
52.162.1.248.24,0.10342399775981903
52.162.1.248.28,0.09983999654650688
52.162.1.248.32,0.10035199671983719
52.162.1.248.36,0.1008639968931675
52.162.1.248.40,0.10239999741315842
52.162.1.248.44,0.10188799723982811
52.162.1.248.48,0.1013759970664978
52.162.1.248.52,0.10444799810647964
52.162.1.248.56,0.10188799723982811
52.162.1.248.60,0.09779199957847595
52.162.1.248.64,0.10188799723982811
52.162.1.248.68,0.09779200330376625
52.162.1.248.72,0.1013759970664978
52.162.1.248.76,0.09932799637317657
52.162.1.248.80,0.10188799723982811
52.162.1.248.84,0.09830400347709656
52.162.1.248.88,0.1013759970664978
52.162.1.248.92,0.09779200330376625
52.162.1.248.96,0.10342399775981903
52.162.1.248.100,0.09625600278377533
52.162.1.248.104,0.10291199758648872
52.162.1.248.108,0.09728000313043594
52.162.1.248.112,0.1008639968931675
52.162.1.248.116,0.09779199957847595
52.162.1.248.120,0.1013759970664978
52.162.1.248.124,0.09779200330376625
52.162.1.248.128,0.10239999741315842
52.162.1.248.136,0.09830400347709656
52.162.1.248.144,0.09932800009846687
52.162.1.248.152,0.09932800009846687
52.162.1.248.160,0.09830400347709656
52.162.1.248.168,0.10188799723982811
52.162.1.248.176,0.10239999741315842
52.162.1.248.184,0.09983999654650688
52.162.1.248.192,0.09983999654650688
52.162.1.248.200,0.1008639968931675
52.162.1.248.208,0.09881599992513657
52.162.1.248.216,0.09984000027179718
52.162.1.248.224,0.10188799723982811
52.162.1.248.232,0.10239999741315842
52.162.1.248.240,0.09779200330376625
52.162.1.248.248,0.10239999741315842
52.162.1.248.256,0.09932799637317657
52.162.1.248.272,0.10495999827980995
52.162.1.248.288,0.10291199758648872
52.162.1.248.304,0.10239999741315842
52.162.1.248.320,0.10035199671983719
52.162.1.248.336,0.10291199758648872
52.162.1.248.352,0.09932800009846687
52.162.1.248.368,0.1013759970664978
52.162.1.248.384,0.09881599992513657
52.162.1.248.416,0.09625600278377533
52.162.1.248.448,0.09728000313043594
52.162.1.248.480,0.09830399975180626
52.162.1.248.512,0.09625600278377533
52.162.1.248.576,0.09830399975180626
52.162.1.248.640,0.09881599992513657
52.162.1.248.704,0.09881599992513657
52.162.1.248.768,0.10035199671983719
52.162.1.248.832,0.09881599992513657
52.162.1.248.896,0.1013759970664978
52.162.1.248.960,0.09728000313043594
52.162.1.248.1024,0.09779200330376625
52.162.1.256.1,0.11008000001311302
52.162.1.256.2,0.0936960019171238
52.162.1.256.4,0.09932800009846687
52.162.1.256.8,0.10393599793314934
52.162.1.256.12,0.09881599992513657
52.162.1.256.16,0.10291199758648872
52.162.1.256.20,0.10188799723982811
52.162.1.256.24,0.10547199845314026
52.162.1.256.28,0.09881599992513657
52.162.1.256.32,0.10495999827980995
52.162.1.256.36,0.09728000313043594
52.162.1.256.40,0.09983999654650688
52.162.1.256.44,0.09881599992513657
52.162.1.256.48,0.1008639968931675
52.162.1.256.52,0.09728000313043594
52.162.1.256.56,0.10393599793314934
52.162.1.256.60,0.09728000313043594
52.162.1.256.64,0.1008639968931675
52.162.1.256.68,0.09625600278377533
52.162.1.256.72,0.10291199758648872
52.162.1.256.76,0.09574400261044502
52.162.1.256.80,0.10188799723982811
52.162.1.256.84,0.09676800295710564
52.162.1.256.88,0.10239999741315842
52.162.1.256.92,0.09779200330376625
52.162.1.256.96,0.10393599793314934
52.162.1.256.100,0.09625600278377533
52.162.1.256.104,0.10035199671983719
52.162.1.256.108,0.09881599992513657
52.162.1.256.112,0.10188799723982811
52.162.1.256.116,0.10547199845314026
52.162.1.256.120,0.10291199758648872
52.162.1.256.124,0.09984000027179718
52.162.1.256.128,0.1008639968931675
52.162.1.256.136,0.1008639968931675
52.162.1.256.144,0.10239999741315842
52.162.1.256.152,0.10393599793314934
52.162.1.256.160,0.1008639968931675
52.162.1.256.168,0.10342399775981903
52.162.1.256.176,0.1008639968931675
52.162.1.256.184,0.10547199845314026
52.162.1.256.192,0.09932800009846687
52.162.1.256.200,0.10035199671983719
52.162.1.256.208,0.1013759970664978
52.162.1.256.216,0.1008639968931675
52.162.1.256.224,0.10035199671983719
52.162.1.256.232,0.1008639968931675
52.162.1.256.240,0.1013759970664978
52.162.1.256.248,0.10239999741315842
52.162.1.256.256,0.10035199671983719
52.162.1.256.272,0.09983999654650688
52.162.1.256.288,0.10035199671983719
52.162.1.256.304,0.09932799637317657
52.162.1.256.320,0.10035199671983719
52.162.1.256.336,0.09983999654650688
52.162.1.256.352,0.1008639968931675
52.162.1.256.368,0.1008639968931675
52.162.1.256.384,0.09881599992513657
52.162.1.256.416,0.09676800295710564
52.162.1.256.448,0.09676800295710564
52.162.1.256.480,0.09625600278377533
52.162.1.256.512,0.09523200243711472
52.162.1.256.576,0.09676800295710564
52.162.1.256.640,0.09728000313043594
52.162.1.256.704,0.09523200243711472
52.162.1.256.768,0.09779200330376625
52.162.1.256.832,0.09779200330376625
52.162.1.256.896,0.09574400261044502
52.162.1.256.960,0.09830399975180626
52.162.1.256.1024,0.09984000027179718
52.162.1.272.1,0.1080319993197918
52.162.1.272.2,0.09830400347709656
52.162.1.272.4,0.10342399775981903
52.162.1.272.8,0.10291199758648872
52.162.1.272.12,0.09779200330376625
52.162.1.272.16,0.10239999741315842
52.162.1.272.20,0.09881599992513657
52.162.1.272.24,0.10342399775981903
52.162.1.272.28,0.09984000027179718
52.162.1.272.32,0.10035199671983719
52.162.1.272.36,0.09932800009846687
52.162.1.272.40,0.10035199671983719
52.162.1.272.44,0.09676800295710564
52.162.1.272.48,0.10291199758648872
52.162.1.272.52,0.09728000313043594
52.162.1.272.56,0.09932799637317657
52.162.1.272.60,0.09728000313043594
52.162.1.272.64,0.09932799637317657
52.162.1.272.68,0.09830400347709656
52.162.1.272.72,0.10239999741315842
52.162.1.272.76,0.09625600278377533
52.162.1.272.80,0.10239999741315842
52.162.1.272.84,0.09779200330376625
52.162.1.272.88,0.10035199671983719
52.162.1.272.92,0.09830400347709656
52.162.1.272.96,0.10495999827980995
52.162.1.272.100,0.1013759970664978
52.162.1.272.104,0.10035199671983719
52.162.1.272.108,0.09625600278377533
52.162.1.272.112,0.09983999654650688
52.162.1.272.116,0.10393599793314934
52.162.1.272.120,0.1008639968931675
52.162.1.272.124,0.10751999914646149
52.162.1.272.128,0.10188799723982811
52.162.1.272.136,0.09983999654650688
52.162.1.272.144,0.09881599992513657
52.162.1.272.152,0.10547199845314026
52.162.1.272.160,0.1008639968931675
52.162.1.272.168,0.1013759970664978
52.162.1.272.176,0.09932799637317657
52.162.1.272.184,0.10188799723982811
52.162.1.272.192,0.09881599992513657
52.162.1.272.200,0.09932799637317657
52.162.1.272.208,0.09983999654650688
52.162.1.272.216,0.09676800295710564
52.162.1.272.224,0.1013759970664978
52.162.1.272.232,0.1013759970664978
52.162.1.272.240,0.09881599992513657
52.162.1.272.248,0.09881599992513657
52.162.1.272.256,0.1013759970664978
52.162.1.272.272,0.1008639968931675
52.162.1.272.288,0.09881599992513657
52.162.1.272.304,0.1013759970664978
52.162.1.272.320,0.10393599793314934
52.162.1.272.336,0.10239999741315842
52.162.1.272.352,0.10188799723982811
52.162.1.272.368,0.10239999741315842
52.162.1.272.384,0.09676800295710564
52.162.1.272.416,0.09830400347709656
52.162.1.272.448,0.09625600278377533
52.162.1.272.480,0.09676800295710564
52.162.1.272.512,0.09779200330376625
52.162.1.272.576,0.09881599992513657
52.162.1.272.640,0.09728000313043594
52.162.1.272.704,0.09728000313043594
52.162.1.272.768,0.09779200330376625
52.162.1.272.832,0.09676800295710564
52.162.1.272.896,0.09676800295710564
52.162.1.272.960,0.09574400261044502
52.162.1.272.1024,0.09574400261044502
52.162.1.288.1,0.10649599879980087
52.162.1.288.2,0.1085439994931221
52.162.1.288.4,0.10598399862647057
52.162.1.288.8,0.10495999827980995
52.162.1.288.12,0.10342399775981903
52.162.1.288.16,0.09932799637317657
52.162.1.288.20,0.09625600278377533
52.162.1.288.24,0.10239999741315842
52.162.1.288.28,0.09983999654650688
52.162.1.288.32,0.10495999827980995
52.162.1.288.36,0.10342399775981903
52.162.1.288.40,0.10393599793314934
52.162.1.288.44,0.09932799637317657
52.162.1.288.48,0.10291199758648872
52.162.1.288.52,0.10035199671983719
52.162.1.288.56,0.1013759970664978
52.162.1.288.60,0.09676800295710564
52.162.1.288.64,0.10342399775981903
52.162.1.288.68,0.09983999654650688
52.162.1.288.72,0.09932799637317657
52.162.1.288.76,0.09728000313043594
52.162.1.288.80,0.10188799723982811
52.162.1.288.84,0.09983999654650688
52.162.1.288.88,0.10291199758648872
52.162.1.288.92,0.09779200330376625
52.162.1.288.96,0.10239999741315842
52.162.1.288.100,0.1080319993197918
52.162.1.288.104,0.10239999741315842
52.162.1.288.108,0.09779199957847595
52.162.1.288.112,0.09881599992513657
52.162.1.288.116,0.10444799810647964
52.162.1.288.120,0.1013759970664978
52.162.1.288.124,0.10700799897313118
52.162.1.288.128,0.10291199758648872
52.162.1.288.136,0.10188799723982811
52.162.1.288.144,0.09983999654650688
52.162.1.288.152,0.10188799723982811
52.162.1.288.160,0.09932799637317657
52.162.1.288.168,0.1013759970664978
52.162.1.288.176,0.09830400347709656
52.162.1.288.184,0.09983999654650688
52.162.1.288.192,0.09983999654650688
52.162.1.288.200,0.09932799637317657
52.162.1.288.208,0.10444799810647964
52.162.1.288.216,0.10035199671983719
52.162.1.288.224,0.10239999741315842
52.162.1.288.232,0.09932800009846687
52.162.1.288.240,0.1013759970664978
52.162.1.288.248,0.09881599992513657
52.162.1.288.256,0.09983999654650688
52.162.1.288.272,0.10188799723982811
52.162.1.288.288,0.1008639968931675
52.162.1.288.304,0.09983999654650688
52.162.1.288.320,0.10342399775981903
52.162.1.288.336,0.1013759970664978
52.162.1.288.352,0.10342399775981903
52.162.1.288.368,0.1013759970664978
52.162.1.288.384,0.09472000226378441
52.162.1.288.416,0.09830400347709656
52.162.1.288.448,0.09728000313043594
52.162.1.288.480,0.09779200330376625
52.162.1.288.512,0.09830400347709656
52.162.1.288.576,0.09779200330376625
52.162.1.288.640,0.09779200330376625
52.162.1.288.704,0.09676800295710564
52.162.1.288.768,0.1008639968931675
52.162.1.288.832,0.09574400261044502
52.162.1.288.896,0.09779200330376625
52.162.1.288.960,0.1008639968931675
52.162.1.288.1024,0.09676800295710564
52.162.1.304.1,0.10700799897313118
52.162.1.304.2,0.10291199758648872
52.162.1.304.4,0.1013759970664978
52.162.1.304.8,0.10291199758648872
52.162.1.304.12,0.10495999827980995
52.162.1.304.16,0.09983999654650688
52.162.1.304.20,0.10444799810647964
52.162.1.304.24,0.10035199671983719
52.162.1.304.28,0.10291199758648872
52.162.1.304.32,0.10239999741315842
52.162.1.304.36,0.1013759970664978
52.162.1.304.40,0.10291199758648872
52.162.1.304.44,0.09983999654650688
52.162.1.304.48,0.10291199758648872
52.162.1.304.52,0.1085439994931221
52.162.1.304.56,0.10188799723982811
52.162.1.304.60,0.09728000313043594
52.162.1.304.64,0.10342399775981903
52.162.1.304.68,0.09779200330376625
52.162.1.304.72,0.10342399775981903
52.162.1.304.76,0.09574400261044502
52.162.1.304.80,0.10495999827980995
52.162.1.304.84,0.10035199671983719
52.162.1.304.88,0.10188799723982811
52.162.1.304.92,0.09779200330376625
52.162.1.304.96,0.10188799723982811
52.162.1.304.100,0.09728000313043594
52.162.1.304.104,0.09932800009846687
52.162.1.304.108,0.1008640006184578
52.162.1.304.112,0.1013759970664978
52.162.1.304.116,0.09830400347709656
52.162.1.304.120,0.10291199758648872
52.162.1.304.124,0.09830400347709656
52.162.1.304.128,0.10035199671983719
52.162.1.304.136,0.10188799723982811
52.162.1.304.144,0.10239999741315842
52.162.1.304.152,0.10239999741315842
52.162.1.304.160,0.10188799723982811
52.162.1.304.168,0.10239999741315842
52.162.1.304.176,0.10239999741315842
52.162.1.304.184,0.10035199671983719
52.162.1.304.192,0.09983999654650688
52.162.1.304.200,0.1008639968931675
52.162.1.304.208,0.10239999741315842
52.162.1.304.216,0.09983999654650688
52.162.1.304.224,0.1008639968931675
52.162.1.304.232,0.10035199671983719
52.162.1.304.240,0.09881599992513657
52.162.1.304.248,0.10035199671983719
52.162.1.304.256,0.09779200330376625
52.162.1.304.272,0.1008639968931675
52.162.1.304.288,0.10035199671983719
52.162.1.304.304,0.10188799723982811
52.162.1.304.320,0.10239999741315842
52.162.1.304.336,0.11110400035977364
52.162.1.304.352,0.10239999741315842
52.162.1.304.368,0.09932799637317657
52.162.1.304.384,0.09676800295710564
52.162.1.304.416,0.09779200330376625
52.162.1.304.448,0.09830400347709656
52.162.1.304.480,0.09779200330376625
52.162.1.304.512,0.09779200330376625
52.162.1.304.576,0.09523200243711472
52.162.1.304.640,0.09625600278377533
52.162.1.304.704,0.09881599992513657
52.162.1.304.768,0.09727999940514565
52.162.1.304.832,0.09676800295710564
52.162.1.304.896,0.09728000313043594
52.162.1.304.960,0.09881599992513657
52.162.1.304.1024,0.09881599992513657
52.162.1.320.1,0.11878400295972824
52.162.1.320.2,0.09932799637317657
52.162.1.320.4,0.10342399775981903
52.162.1.320.8,0.10239999741315842
52.162.1.320.12,0.10291199758648872
52.162.1.320.16,0.09983999654650688
52.162.1.320.20,0.09881599992513657
52.162.1.320.24,0.10342399775981903
52.162.1.320.28,0.10342399775981903
52.162.1.320.32,0.10444799810647964
52.162.1.320.36,0.1013759970664978
52.162.1.320.40,0.10035199671983719
52.162.1.320.44,0.09830399975180626
52.162.1.320.48,0.09983999654650688
52.162.1.320.52,0.09830400347709656
52.162.1.320.56,0.09932799637317657
52.162.1.320.60,0.09830399975180626
52.162.1.320.64,0.10291199758648872
52.162.1.320.68,0.09932800009846687
52.162.1.320.72,0.10444799810647964
52.162.1.320.76,0.09932800009846687
52.162.1.320.80,0.09932799637317657
52.162.1.320.84,0.09676800295710564
52.162.1.320.88,0.10342399775981903
52.162.1.320.92,0.09983999654650688
52.162.1.320.96,0.09983999654650688
52.162.1.320.100,0.09676800295710564
52.162.1.320.104,0.09932799637317657
52.162.1.320.108,0.1008639968931675
52.162.1.320.112,0.10393599793314934
52.162.1.320.116,0.09676800295710564
52.162.1.320.120,0.1008639968931675
52.162.1.320.124,0.09779200330376625
52.162.1.320.128,0.10188799723982811
52.162.1.320.136,0.09881599992513657
52.162.1.320.144,0.09932799637317657
52.162.1.320.152,0.10188799723982811
52.162.1.320.160,0.1013759970664978
52.162.1.320.168,0.10188799723982811
52.162.1.320.176,0.09932799637317657
52.162.1.320.184,0.09830400347709656
52.162.1.320.192,0.09728000313043594
52.162.1.320.200,0.10188799723982811
52.162.1.320.208,0.10393599793314934
52.162.1.320.216,0.09932799637317657
52.162.1.320.224,0.10035199671983719
52.162.1.320.232,0.09932799637317657
52.162.1.320.240,0.09830399975180626
52.162.1.320.248,0.09881599992513657
52.162.1.320.256,0.10188799723982811
52.162.1.320.272,0.09983999654650688
52.162.1.320.288,0.1013759970664978
52.162.1.320.304,0.09881599992513657
52.162.1.320.320,0.10035199671983719
52.162.1.320.336,0.1013759970664978
52.162.1.320.352,0.09830400347709656
52.162.1.320.368,0.10188799723982811
52.162.1.320.384,0.09625600278377533
52.162.1.320.416,0.09676800295710564
52.162.1.320.448,0.09676800295710564
52.162.1.320.480,0.10239999741315842
52.162.1.320.512,0.09932800009846687
52.162.1.320.576,0.09728000313043594
52.162.1.320.640,0.09779200330376625
52.162.1.320.704,0.09625600278377533
52.162.1.320.768,0.09625600278377533
52.162.1.320.832,0.09830400347709656
52.162.1.320.896,0.10035199671983719
52.162.1.320.960,0.09984000027179718
52.162.1.320.1024,0.1008639968931675
52.162.1.336.1,0.1085439994931221
52.162.1.336.2,0.10342399775981903
52.162.1.336.4,0.09983999654650688
52.162.1.336.8,0.10444799810647964
52.162.1.336.12,0.10444799810647964
52.162.1.336.16,0.10239999741315842
52.162.1.336.20,0.1008639968931675
52.162.1.336.24,0.10035200044512749
52.162.1.336.28,0.10342399775981903
52.162.1.336.32,0.09983999654650688
52.162.1.336.36,0.09983999654650688
52.162.1.336.40,0.10342399775981903
52.162.1.336.44,0.09523200243711472
52.162.1.336.48,0.1013759970664978
52.162.1.336.52,0.09932800009846687
52.162.1.336.56,0.1008639968931675
52.162.1.336.60,0.1008639968931675
52.162.1.336.64,0.1013759970664978
52.162.1.336.68,0.09779200330376625
52.162.1.336.72,0.10956799983978271
52.162.1.336.76,0.09881599992513657
52.162.1.336.80,0.10547199845314026
52.162.1.336.84,0.09932800009846687
52.162.1.336.88,0.10239999741315842
52.162.1.336.92,0.09983999654650688
52.162.1.336.96,0.09932800009846687
52.162.1.336.100,0.09932800009846687
52.162.1.336.104,0.09881599992513657
52.162.1.336.108,0.10035199671983719
52.162.1.336.112,0.1013759970664978
52.162.1.336.116,0.09318400174379349
52.162.1.336.120,0.09881599992513657
52.162.1.336.124,0.09625600278377533
52.162.1.336.128,0.09983999654650688
52.162.1.336.136,0.09779200330376625
52.162.1.336.144,0.10444799810647964
52.162.1.336.152,0.09932799637317657
52.162.1.336.160,0.10239999741315842
52.162.1.336.168,0.10188799723982811
52.162.1.336.176,0.10035199671983719
52.162.1.336.184,0.1008639968931675
52.162.1.336.192,0.1013759970664978
52.162.1.336.200,0.10291199758648872
52.162.1.336.208,0.09983999654650688
52.162.1.336.216,0.10035199671983719
52.162.1.336.224,0.10035199671983719
52.162.1.336.232,0.10342399775981903
52.162.1.336.240,0.1013759970664978
52.162.1.336.248,0.10239999741315842
52.162.1.336.256,0.10188799723982811
52.162.1.336.272,0.10188799723982811
52.162.1.336.288,0.10188799723982811
52.162.1.336.304,0.1013759970664978
52.162.1.336.320,0.10188799723982811
52.162.1.336.336,0.09830400347709656
52.162.1.336.352,0.10239999741315842
52.162.1.336.368,0.10035199671983719
52.162.1.336.384,0.09625600278377533
52.162.1.336.416,0.09472000226378441
52.162.1.336.448,0.09676800295710564
52.162.1.336.480,0.1013760007917881
52.162.1.336.512,0.09932800009846687
52.162.1.336.576,0.09779200330376625
52.162.1.336.640,0.1008639968931675
52.162.1.336.704,0.09676800295710564
52.162.1.336.768,0.09983999654650688
52.162.1.336.832,0.09676800295710564
52.162.1.336.896,0.09676800295710564
52.162.1.336.960,0.09625600278377533
52.162.1.336.1024,0.09983999654650688
52.162.1.352.1,0.10598399862647057
52.162.1.352.2,0.10495999827980995
52.162.1.352.4,0.11059200018644333
52.162.1.352.8,0.10239999741315842
52.162.1.352.12,0.10188799723982811
52.162.1.352.16,0.10291199758648872
52.162.1.352.20,0.09983999654650688
52.162.1.352.24,0.10035199671983719
52.162.1.352.28,0.10239999741315842
52.162.1.352.32,0.1013759970664978
52.162.1.352.36,0.10905599966645241
52.162.1.352.40,0.09983999654650688
52.162.1.352.44,0.10444799810647964
52.162.1.352.48,0.10239999741315842
52.162.1.352.52,0.09625600278377533
52.162.1.352.56,0.10393599793314934
52.162.1.352.60,0.09932800009846687
52.162.1.352.64,0.09983999654650688
52.162.1.352.68,0.09932800009846687
52.162.1.352.72,0.1008639968931675
52.162.1.352.76,0.10700799897313118
52.162.1.352.80,0.10188799723982811
52.162.1.352.84,0.10495999827980995
52.162.1.352.88,0.10239999741315842
52.162.1.352.92,0.09983999654650688
52.162.1.352.96,0.10547199845314026
52.162.1.352.100,0.09472000226378441
52.162.1.352.104,0.09932799637317657
52.162.1.352.108,0.1013759970664978
52.162.1.352.112,0.09983999654650688
52.162.1.352.116,0.09676800295710564
52.162.1.352.120,0.1008639968931675
52.162.1.352.124,0.09676800295710564
52.162.1.352.128,0.09983999654650688
52.162.1.352.136,0.09881599992513657
52.162.1.352.144,0.10035199671983719
52.162.1.352.152,0.10035199671983719
52.162.1.352.160,0.09983999654650688
52.162.1.352.168,0.09932800009846687
52.162.1.352.176,0.10035199671983719
52.162.1.352.184,0.09983999654650688
52.162.1.352.192,0.09881599992513657
52.162.1.352.200,0.10035199671983719
52.162.1.352.208,0.09983999654650688
52.162.1.352.216,0.1013759970664978
52.162.1.352.224,0.10035199671983719
52.162.1.352.232,0.10393599793314934
52.162.1.352.240,0.10649599879980087
52.162.1.352.248,0.1008639968931675
52.162.1.352.256,0.10035199671983719
52.162.1.352.272,0.09983999654650688
52.162.1.352.288,0.10035199671983719
52.162.1.352.304,0.1008639968931675
52.162.1.352.320,0.09932799637317657
52.162.1.352.336,0.09881599992513657
52.162.1.352.352,0.1008639968931675
52.162.1.352.368,0.09932799637317657
52.162.1.352.384,0.09676800295710564
52.162.1.352.416,0.09728000313043594
52.162.1.352.448,0.09881599992513657
52.162.1.352.480,0.10188799723982811
52.162.1.352.512,0.10035199671983719
52.162.1.352.576,0.09727999940514565
52.162.1.352.640,0.09574400261044502
52.162.1.352.704,0.09676800295710564
52.162.1.352.768,0.1008639968931675
52.162.1.352.832,0.09574400261044502
52.162.1.352.896,0.09523200243711472
52.162.1.352.960,0.09523200243711472
52.162.1.352.1024,0.09830400347709656
52.162.1.368.1,0.10547199845314026
52.162.1.368.2,0.10598399862647057
52.162.1.368.4,0.10444799810647964
52.162.1.368.8,0.09983999654650688
52.162.1.368.12,0.1013759970664978
52.162.1.368.16,0.10035199671983719
52.162.1.368.20,0.10035199671983719
52.162.1.368.24,0.1008639968931675
52.162.1.368.28,0.1013759970664978
52.162.1.368.32,0.10239999741315842
52.162.1.368.36,0.10035199671983719
52.162.1.368.40,0.1008639968931675
52.162.1.368.44,0.09779199957847595
52.162.1.368.48,0.10188799723982811
52.162.1.368.52,0.09932799637317657
52.162.1.368.56,0.10239999741315842
52.162.1.368.60,0.09625600278377533
52.162.1.368.64,0.09881599992513657
52.162.1.368.68,0.09779200330376625
52.162.1.368.72,0.1008639968931675
52.162.1.368.76,0.09728000313043594
52.162.1.368.80,0.1013759970664978
52.162.1.368.84,0.09830400347709656
52.162.1.368.88,0.09983999654650688
52.162.1.368.92,0.1008639968931675
52.162.1.368.96,0.10035199671983719
52.162.1.368.100,0.09574400261044502
52.162.1.368.104,0.09932800009846687
52.162.1.368.108,0.09625600278377533
52.162.1.368.112,0.10291199758648872
52.162.1.368.116,0.09932800009846687
52.162.1.368.120,0.1013759970664978
52.162.1.368.124,0.09779200330376625
52.162.1.368.128,0.10035199671983719
52.162.1.368.136,0.10035199671983719
52.162.1.368.144,0.10035199671983719
52.162.1.368.152,0.10342399775981903
52.162.1.368.160,0.11110400035977364
52.162.1.368.168,0.1013759970664978
52.162.1.368.176,0.09932800009846687
52.162.1.368.184,0.10035199671983719
52.162.1.368.192,0.10035199671983719
52.162.1.368.200,0.09932799637317657
52.162.1.368.208,0.09983999654650688
52.162.1.368.216,0.1013759970664978
52.162.1.368.224,0.10188799723982811
52.162.1.368.232,0.10444799810647964
52.162.1.368.240,0.09983999654650688
52.162.1.368.248,0.09932799637317657
52.162.1.368.256,0.10035199671983719
52.162.1.368.272,0.1013759970664978
52.162.1.368.288,0.09881599992513657
52.162.1.368.304,0.10393599793314934
52.162.1.368.320,0.10342399775981903
52.162.1.368.336,0.10188799723982811
52.162.1.368.352,0.09932799637317657
52.162.1.368.368,0.09881599992513657
52.162.1.368.384,0.09625600278377533
52.162.1.368.416,0.09625600278377533
52.162.1.368.448,0.09983999654650688
52.162.1.368.480,0.09625600278377533
52.162.1.368.512,0.09676800295710564
52.162.1.368.576,0.09676800295710564
52.162.1.368.640,0.09728000313043594
52.162.1.368.704,0.09676800295710564
52.162.1.368.768,0.09728000313043594
52.162.1.368.832,0.09984000027179718
52.162.1.368.896,0.09676800295710564
52.162.1.368.960,0.09728000313043594
52.162.1.368.1024,0.09625600278377533
52.162.1.384.1,0.10700799897313118
52.162.1.384.2,0.10956799983978271
52.162.1.384.4,0.1085439994931221
52.162.1.384.8,0.10393599793314934
52.162.1.384.12,0.1008639968931675
52.162.1.384.16,0.09932800009846687
52.162.1.384.20,0.10700799897313118
52.162.1.384.24,0.10291199758648872
52.162.1.384.28,0.10342399775981903
52.162.1.384.32,0.09830400347709656
52.162.1.384.36,0.1008639968931675
52.162.1.384.40,0.09984000027179718
52.162.1.384.44,0.10751999914646149
52.162.1.384.48,0.10291199758648872
52.162.1.384.52,0.10393599793314934
52.162.1.384.56,0.10035199671983719
52.162.1.384.60,0.09728000313043594
52.162.1.384.64,0.09830399975180626
52.162.1.384.68,0.09932799637317657
52.162.1.384.72,0.1013759970664978
52.162.1.384.76,0.09625600278377533
52.162.1.384.80,0.10239999741315842
52.162.1.384.84,0.1013759970664978
52.162.1.384.88,0.09728000313043594
52.162.1.384.92,0.09625600278377533
52.162.1.384.96,0.09984000027179718
52.162.1.384.100,0.09830399975180626
52.162.1.384.104,0.1008639968931675
52.162.1.384.108,0.09574400261044502
52.162.1.384.112,0.1013759970664978
52.162.1.384.116,0.09728000313043594
52.162.1.384.120,0.10035199671983719
52.162.1.384.124,0.09574400261044502
52.162.1.384.128,0.09983999654650688
52.162.1.384.136,0.09881599992513657
52.162.1.384.144,0.09984000027179718
52.162.1.384.152,0.10188799723982811
52.162.1.384.160,0.10035199671983719
52.162.1.384.168,0.10239999741315842
52.162.1.384.176,0.10035199671983719
52.162.1.384.184,0.10291199758648872
52.162.1.384.192,0.10239999741315842
52.162.1.384.200,0.10444799810647964
52.162.1.384.208,0.09983999654650688
52.162.1.384.216,0.10188799723982811
52.162.1.384.224,0.10342399775981903
52.162.1.384.232,0.10188799723982811
52.162.1.384.240,0.1013759970664978
52.162.1.384.248,0.10035199671983719
52.162.1.384.256,0.10239999741315842
52.162.1.384.272,0.10188799723982811
52.162.1.384.288,0.10393599793314934
52.162.1.384.304,0.10444799810647964
52.162.1.384.320,0.1008639968931675
52.162.1.384.336,0.09881599992513657
52.162.1.384.352,0.09932799637317657
52.162.1.384.368,0.1013759970664978
52.162.1.384.384,0.09779200330376625
52.162.1.384.416,0.09728000313043594
52.162.1.384.448,0.0942080020904541
52.162.1.384.480,0.09676800295710564
52.162.1.384.512,0.09676800295710564
52.162.1.384.576,0.10035199671983719
52.162.1.384.640,0.09728000313043594
52.162.1.384.704,0.09523200243711472
52.162.1.384.768,0.09779199957847595
52.162.1.384.832,0.09830400347709656
52.162.1.384.896,0.09983999654650688
52.162.1.384.960,0.09625600278377533
52.162.1.384.1024,0.09676800295710564
52.162.1.416.1,0.10649599879980087
52.162.1.416.2,0.10239999741315842
52.162.1.416.4,0.10393599793314934
52.162.1.416.8,0.1013759970664978
52.162.1.416.12,0.10035199671983719
52.162.1.416.16,0.10035199671983719
52.162.1.416.20,0.1008639968931675
52.162.1.416.24,0.10035199671983719
52.162.1.416.28,0.10342399775981903
52.162.1.416.32,0.10188799723982811
52.162.1.416.36,0.1013759970664978
52.162.1.416.40,0.09983999654650688
52.162.1.416.44,0.09830399975180626
52.162.1.416.48,0.1008639968931675
52.162.1.416.52,0.09779200330376625
52.162.1.416.56,0.10035199671983719
52.162.1.416.60,0.1008639968931675
52.162.1.416.64,0.1008639968931675
52.162.1.416.68,0.10547199845314026
52.162.1.416.72,0.1008639968931675
52.162.1.416.76,0.09830400347709656
52.162.1.416.80,0.10035199671983719
52.162.1.416.84,0.1008639968931675
52.162.1.416.88,0.1008639968931675
52.162.1.416.92,0.09676800295710564
52.162.1.416.96,0.10188799723982811
52.162.1.416.100,0.09779200330376625
52.162.1.416.104,0.09881599992513657
52.162.1.416.108,0.09728000313043594
52.162.1.416.112,0.10291199758648872
52.162.1.416.116,0.09574400261044502
52.162.1.416.120,0.10239999741315842
52.162.1.416.124,0.09728000313043594
52.162.1.416.128,0.10188799723982811
52.162.1.416.136,0.10035199671983719
52.162.1.416.144,0.09881599992513657
52.162.1.416.152,0.10035199671983719
52.162.1.416.160,0.10188799723982811
52.162.1.416.168,0.10444799810647964
52.162.1.416.176,0.10239999741315842
52.162.1.416.184,0.09881599992513657
52.162.1.416.192,0.10393599793314934
52.162.1.416.200,0.1013759970664978
52.162.1.416.208,0.10035200044512749
52.162.1.416.216,0.1013759970664978
52.162.1.416.224,0.1013759970664978
52.162.1.416.232,0.10495999827980995
52.162.1.416.240,0.09983999654650688
52.162.1.416.248,0.10291199758648872
52.162.1.416.256,0.1013759970664978
52.162.1.416.272,0.10291199758648872
52.162.1.416.288,0.1008639968931675
52.162.1.416.304,0.1013759970664978
52.162.1.416.320,0.10342399775981903
52.162.1.416.336,0.10188799723982811
52.162.1.416.352,0.10751999914646149
52.162.1.416.368,0.10547199845314026
52.162.1.416.384,0.09779200330376625
52.162.1.416.416,0.09779200330376625
52.162.1.416.448,0.09830399975180626
52.162.1.416.480,0.09574400261044502
52.162.1.416.512,0.09830399975180626
52.162.1.416.576,0.10239999741315842
52.162.1.416.640,0.09983999654650688
52.162.1.416.704,0.09932799637317657
52.162.1.416.768,0.10035199671983719
52.162.1.416.832,0.09728000313043594
52.162.1.416.896,0.10035199671983719
52.162.1.416.960,0.09523200243711472
52.162.1.416.1024,0.09830399975180626
52.162.1.448.1,0.1080319993197918
52.162.1.448.2,0.10291199758648872
52.162.1.448.4,0.10547199845314026
52.162.1.448.8,0.1008639968931675
52.162.1.448.12,0.10239999741315842
52.162.1.448.16,0.1013759970664978
52.162.1.448.20,0.1008639968931675
52.162.1.448.24,0.10291199758648872
52.162.1.448.28,0.10239999741315842
52.162.1.448.32,0.09932799637317657
52.162.1.448.36,0.10291199758648872
52.162.1.448.40,0.1013759970664978
52.162.1.448.44,0.09932799637317657
52.162.1.448.48,0.10188799723982811
52.162.1.448.52,0.09830400347709656
52.162.1.448.56,0.10035199671983719
52.162.1.448.60,0.1013759970664978
52.162.1.448.64,0.1008639968931675
52.162.1.448.68,0.10547199845314026
52.162.1.448.72,0.09779200330376625
52.162.1.448.76,0.09779200330376625
52.162.1.448.80,0.09881599992513657
52.162.1.448.84,0.09625600278377533
52.162.1.448.88,0.09881599992513657
52.162.1.448.92,0.10035199671983719
52.162.1.448.96,0.09983999654650688
52.162.1.448.100,0.10239999741315842
52.162.1.448.104,0.1013759970664978
52.162.1.448.108,0.09779199957847595
52.162.1.448.112,0.10393599793314934
52.162.1.448.116,0.09472000226378441
52.162.1.448.120,0.10188799723982811
52.162.1.448.124,0.09625600278377533
52.162.1.448.128,0.10035199671983719
52.162.1.448.136,0.1013759970664978
52.162.1.448.144,0.10291199758648872
52.162.1.448.152,0.10188799723982811
52.162.1.448.160,0.1008639968931675
52.162.1.448.168,0.1008639968931675
52.162.1.448.176,0.1008639968931675
52.162.1.448.184,0.10291199758648872
52.162.1.448.192,0.10188799723982811
52.162.1.448.200,0.10393599793314934
52.162.1.448.208,0.10239999741315842
52.162.1.448.216,0.09983999654650688
52.162.1.448.224,0.1013759970664978
52.162.1.448.232,0.10342399775981903
52.162.1.448.240,0.10035199671983719
52.162.1.448.248,0.1008639968931675
52.162.1.448.256,0.10239999741315842
52.162.1.448.272,0.10188799723982811
52.162.1.448.288,0.10291199758648872
52.162.1.448.304,0.10035199671983719
52.162.1.448.320,0.09881599992513657
52.162.1.448.336,0.10342399775981903
52.162.1.448.352,0.1013759970664978
52.162.1.448.368,0.10495999827980995
52.162.1.448.384,0.09983999654650688
52.162.1.448.416,0.10291199758648872
52.162.1.448.448,0.10393599793314934
52.162.1.448.480,0.10342399775981903
52.162.1.448.512,0.10188799723982811
52.162.1.448.576,0.10239999741315842
52.162.1.448.640,0.1013759970664978
52.162.1.448.704,0.09983999654650688
52.162.1.448.768,0.09830400347709656
52.162.1.448.832,0.1008640006184578
52.162.1.448.896,0.10393599793314934
52.162.1.448.960,0.10035199671983719
52.162.1.448.1024,0.09676800295710564
52.162.1.480.1,0.1080319993197918
52.162.1.480.2,0.10495999827980995
52.162.1.480.4,0.10444799810647964
52.162.1.480.8,0.10598399862647057
52.162.1.480.12,0.10188799723982811
52.162.1.480.16,0.10393599793314934
52.162.1.480.20,0.10393599793314934
52.162.1.480.24,0.09983999654650688
52.162.1.480.28,0.10239999741315842
52.162.1.480.32,0.10188799723982811
52.162.1.480.36,0.10342399775981903
52.162.1.480.40,0.10239999741315842
52.162.1.480.44,0.09881599992513657
52.162.1.480.48,0.10239999741315842
52.162.1.480.52,0.09984000027179718
52.162.1.480.56,0.09932799637317657
52.162.1.480.60,0.1008639968931675
52.162.1.480.64,0.10188799723982811
52.162.1.480.68,0.09779200330376625
52.162.1.480.72,0.09830400347709656
52.162.1.480.76,0.09983999654650688
52.162.1.480.80,0.09779200330376625
52.162.1.480.84,0.09676800295710564
52.162.1.480.88,0.10444799810647964
52.162.1.480.92,0.09932800009846687
52.162.1.480.96,0.1013759970664978
52.162.1.480.100,0.09779199957847595
52.162.1.480.104,0.10035199671983719
52.162.1.480.108,0.1008639968931675
52.162.1.480.112,0.1013759970664978
52.162.1.480.116,0.09728000313043594
52.162.1.480.120,0.09932800009846687
52.162.1.480.124,0.09728000313043594
52.162.1.480.128,0.10239999741315842
52.162.1.480.136,0.1013759970664978
52.162.1.480.144,0.10188799723982811
52.162.1.480.152,0.09983999654650688
52.162.1.480.160,0.10291199758648872
52.162.1.480.168,0.10035199671983719
52.162.1.480.176,0.1008639968931675
52.162.1.480.184,0.10239999741315842
52.162.1.480.192,0.10291199758648872
52.162.1.480.200,0.1008639968931675
52.162.1.480.208,0.09983999654650688
52.162.1.480.216,0.1008639968931675
52.162.1.480.224,0.10035199671983719
52.162.1.480.232,0.09984000027179718
52.162.1.480.240,0.10239999741315842
52.162.1.480.248,0.09932799637317657
52.162.1.480.256,0.10035199671983719
52.162.1.480.272,0.10342399775981903
52.162.1.480.288,0.10188799723982811
52.162.1.480.304,0.1008639968931675
52.162.1.480.320,0.10342399775981903
52.162.1.480.336,0.10188799723982811
52.162.1.480.352,0.10751999914646149
52.162.1.480.368,0.10239999741315842
52.162.1.480.384,0.1013759970664978
52.162.1.480.416,0.10239999741315842
52.162.1.480.448,0.1008639968931675
52.162.1.480.480,0.10035199671983719
52.162.1.480.512,0.10035199671983719
52.162.1.480.576,0.1008639968931675
52.162.1.480.640,0.10239999741315842
52.162.1.480.704,0.1013759970664978
52.162.1.480.768,0.1013759970664978
52.162.1.480.832,0.1013759970664978
52.162.1.480.896,0.10444799810647964
52.162.1.480.960,0.1008639968931675
52.162.1.480.1024,0.09779200330376625
52.162.1.512.1,0.11520000174641609
52.162.1.512.2,0.10239999741315842
52.162.1.512.4,0.10188799723982811
52.162.1.512.8,0.09983999654650688
52.162.1.512.12,0.1013759970664978
52.162.1.512.16,0.10035199671983719
52.162.1.512.20,0.09984000027179718
52.162.1.512.24,0.1013759970664978
52.162.1.512.28,0.10444799810647964
52.162.1.512.32,0.09983999654650688
52.162.1.512.36,0.10342399775981903
52.162.1.512.40,0.10291199758648872
52.162.1.512.44,0.09932800009846687
52.162.1.512.48,0.10291199758648872
52.162.1.512.52,0.1008639968931675
52.162.1.512.56,0.09983999654650688
52.162.1.512.60,0.09932800009846687
52.162.1.512.64,0.10239999741315842
52.162.1.512.68,0.09830400347709656
52.162.1.512.72,0.10035199671983719
52.162.1.512.76,0.10751999914646149
52.162.1.512.80,0.1013759970664978
52.162.1.512.84,0.09625600278377533
52.162.1.512.88,0.10291199758648872
52.162.1.512.92,0.09932800009846687
52.162.1.512.96,0.10188799723982811
52.162.1.512.100,0.09625600278377533
52.162.1.512.104,0.10291199758648872
52.162.1.512.108,0.10035199671983719
52.162.1.512.112,0.10342399775981903
52.162.1.512.116,0.09574400261044502
52.162.1.512.120,0.10035199671983719
52.162.1.512.124,0.09830399975180626
52.162.1.512.128,0.10342399775981903
52.162.1.512.136,0.10035199671983719
52.162.1.512.144,0.09830400347709656
52.162.1.512.152,0.10188799723982811
52.162.1.512.160,0.10342399775981903
52.162.1.512.168,0.10188799723982811
52.162.1.512.176,0.09932799637317657
52.162.1.512.184,0.1013759970664978
52.162.1.512.192,0.10444799810647964
52.162.1.512.200,0.10239999741315842
52.162.1.512.208,0.10291199758648872
52.162.1.512.216,0.10035199671983719
52.162.1.512.224,0.10239999741315842
52.162.1.512.232,0.10035199671983719
52.162.1.512.240,0.1008639968931675
52.162.1.512.248,0.10342399775981903
52.162.1.512.256,0.10035199671983719
52.162.1.512.272,0.10393599793314934
52.162.1.512.288,0.10188799723982811
52.162.1.512.304,0.10239999741315842
52.162.1.512.320,0.10188799723982811
52.162.1.512.336,0.10342399775981903
52.162.1.512.352,0.09932799637317657
52.162.1.512.368,0.1008639968931675
52.162.1.512.384,0.10393599793314934
52.162.1.512.416,0.10035199671983719
52.162.1.512.448,0.10035199671983719
52.162.1.512.480,0.10291199758648872
52.162.1.512.512,0.10035199671983719
52.162.1.512.576,0.09830400347709656
52.162.1.512.640,0.1013759970664978
52.162.1.512.704,0.09983999654650688
52.162.1.512.768,0.10547199845314026
52.162.1.512.832,0.09881599992513657
52.162.1.512.896,0.09830400347709656
52.162.1.512.960,0.1013759970664978
52.162.1.512.1024,0.09779200330376625
52.162.1.576.1,0.11724800243973732
52.162.1.576.2,0.10035199671983719
52.162.1.576.4,0.10188799723982811
52.162.1.576.8,0.10291199758648872
52.162.1.576.12,0.10547199845314026
52.162.1.576.16,0.10188799723982811
52.162.1.576.20,0.1013759970664978
52.162.1.576.24,0.10239999741315842
52.162.1.576.28,0.09932799637317657
52.162.1.576.32,0.09984000027179718
52.162.1.576.36,0.10188799723982811
52.162.1.576.40,0.09984000027179718
52.162.1.576.44,0.1008639968931675
52.162.1.576.48,0.10239999741315842
52.162.1.576.52,0.10342399775981903
52.162.1.576.56,0.10393599793314934
52.162.1.576.60,0.1013759970664978
52.162.1.576.64,0.1013759970664978
52.162.1.576.68,0.10035199671983719
52.162.1.576.72,0.10393599793314934
52.162.1.576.76,0.09830400347709656
52.162.1.576.80,0.1013759970664978
52.162.1.576.84,0.09676800295710564
52.162.1.576.88,0.10035199671983719
52.162.1.576.92,0.09728000313043594
52.162.1.576.96,0.10035199671983719
52.162.1.576.100,0.09983999654650688
52.162.1.576.104,0.10239999741315842
52.162.1.576.108,0.09779200330376625
52.162.1.576.112,0.10342399775981903
52.162.1.576.116,0.09728000313043594
52.162.1.576.120,0.09983999654650688
52.162.1.576.124,0.09984000027179718
52.162.1.576.128,0.10495999827980995
52.162.1.576.136,0.10393599793314934
52.162.1.576.144,0.10035199671983719
52.162.1.576.152,0.1013759970664978
52.162.1.576.160,0.10035199671983719
52.162.1.576.168,0.10188799723982811
52.162.1.576.176,0.10291199758648872
52.162.1.576.184,0.09830400347709656
52.162.1.576.192,0.10291199758648872
52.162.1.576.200,0.10188799723982811
52.162.1.576.208,0.1013759970664978
52.162.1.576.216,0.10444799810647964
52.162.1.576.224,0.1008639968931675
52.162.1.576.232,0.10188799723982811
52.162.1.576.240,0.10444799810647964
52.162.1.576.248,0.09932799637317657
52.162.1.576.256,0.10342399775981903
52.162.1.576.272,0.10342399775981903
52.162.1.576.288,0.10291199758648872
52.162.1.576.304,0.09983999654650688
52.162.1.576.320,0.10291199758648872
52.162.1.576.336,0.10342399775981903
52.162.1.576.352,0.09983999654650688
52.162.1.576.368,0.10342399775981903
52.162.1.576.384,0.1008639968931675
52.162.1.576.416,0.09983999654650688
52.162.1.576.448,0.10342399775981903
52.162.1.576.480,0.10239999741315842
52.162.1.576.512,0.10188799723982811
52.162.1.576.576,0.10342399775981903
52.162.1.576.640,0.10035199671983719
52.162.1.576.704,0.10291199758648872
52.162.1.576.768,0.1008639968931675
52.162.1.576.832,0.09779200330376625
52.162.1.576.896,0.09932799637317657
52.162.1.576.960,0.09881599992513657
52.162.1.576.1024,0.09523200243711472
52.162.1.640.1,0.11673600226640701
52.162.1.640.2,0.10035199671983719
52.162.1.640.4,0.10905599966645241
52.162.1.640.8,0.10495999827980995
52.162.1.640.12,0.11008000001311302
52.162.1.640.16,0.10188799723982811
52.162.1.640.20,0.10035199671983719
52.162.1.640.24,0.09983999654650688
52.162.1.640.28,0.09984000027179718
52.162.1.640.32,0.10188799723982811
52.162.1.640.36,0.10035199671983719
52.162.1.640.40,0.10239999741315842
52.162.1.640.44,0.10700799897313118
52.162.1.640.48,0.10444799810647964
52.162.1.640.52,0.09932800009846687
52.162.1.640.56,0.1008639968931675
52.162.1.640.60,0.09830400347709656
52.162.1.640.64,0.10444799810647964
52.162.1.640.68,0.10700799897313118
52.162.1.640.72,0.1013759970664978
52.162.1.640.76,0.1013759970664978
52.162.1.640.80,0.10291199758648872
52.162.1.640.84,0.09830400347709656
52.162.1.640.88,0.1008639968931675
52.162.1.640.92,0.10035199671983719
52.162.1.640.96,0.1008639968931675
52.162.1.640.100,0.09830399975180626
52.162.1.640.104,0.1013759970664978
52.162.1.640.108,0.09728000313043594
52.162.1.640.112,0.09983999654650688
52.162.1.640.116,0.09676800295710564
52.162.1.640.120,0.1008639968931675
52.162.1.640.124,0.09728000313043594
52.162.1.640.128,0.10239999741315842
52.162.1.640.136,0.10035199671983719
52.162.1.640.144,0.10495999827980995
52.162.1.640.152,0.10547199845314026
52.162.1.640.160,0.1008639968931675
52.162.1.640.168,0.10291199758648872
52.162.1.640.176,0.1013759970664978
52.162.1.640.184,0.10239999741315842
52.162.1.640.192,0.10035199671983719
52.162.1.640.200,0.1013759970664978
52.162.1.640.208,0.10291199758648872
52.162.1.640.216,0.10035199671983719
52.162.1.640.224,0.10649599879980087
52.162.1.640.232,0.09830400347709656
52.162.1.640.240,0.10188799723982811
52.162.1.640.248,0.1008639968931675
52.162.1.640.256,0.10239999741315842
52.162.1.640.272,0.1013759970664978
52.162.1.640.288,0.10239999741315842
52.162.1.640.304,0.10188799723982811
52.162.1.640.320,0.10035199671983719
52.162.1.640.336,0.10239999741315842
52.162.1.640.352,0.10444799810647964
52.162.1.640.368,0.10035199671983719
52.162.1.640.384,0.10598399862647057
52.162.1.640.416,0.10188799723982811
52.162.1.640.448,0.1013759970664978
52.162.1.640.480,0.1008639968931675
52.162.1.640.512,0.10239999741315842
52.162.1.640.576,0.09932799637317657
52.162.1.640.640,0.10188799723982811
52.162.1.640.704,0.10188799723982811
52.162.1.640.768,0.1013759970664978
52.162.1.640.832,0.09830399975180626
52.162.1.640.896,0.09830400347709656
52.162.1.640.960,0.09779200330376625
52.162.1.640.1024,0.09881599992513657
52.162.1.704.1,0.11110400035977364
52.162.1.704.2,0.09932799637317657
52.162.1.704.4,0.10342399775981903
52.162.1.704.8,0.10035199671983719
52.162.1.704.12,0.10239999741315842
52.162.1.704.16,0.10188799723982811
52.162.1.704.20,0.10291199758648872
52.162.1.704.24,0.09932799637317657
52.162.1.704.28,0.10342399775981903
52.162.1.704.32,0.10239999741315842
52.162.1.704.36,0.10188799723982811
52.162.1.704.40,0.09932799637317657
52.162.1.704.44,0.10239999741315842
52.162.1.704.48,0.1013759970664978
52.162.1.704.52,0.10444799810647964
52.162.1.704.56,0.09932800009846687
52.162.1.704.60,0.10035199671983719
52.162.1.704.64,0.1013759970664978
52.162.1.704.68,0.09983999654650688
52.162.1.704.72,0.10035199671983719
52.162.1.704.76,0.09881599992513657
52.162.1.704.80,0.1008639968931675
52.162.1.704.84,0.10291199758648872
52.162.1.704.88,0.10188799723982811
52.162.1.704.92,0.1013759970664978
52.162.1.704.96,0.1013759970664978
52.162.1.704.100,0.10495999827980995
52.162.1.704.104,0.1013759970664978
52.162.1.704.108,0.10291199758648872
52.162.1.704.112,0.10291199758648872
52.162.1.704.116,0.09932800009846687
52.162.1.704.120,0.10188799723982811
52.162.1.704.124,0.10188799723982811
52.162.1.704.128,0.1008639968931675
52.162.1.704.136,0.1013759970664978
52.162.1.704.144,0.1008639968931675
52.162.1.704.152,0.10188799723982811
52.162.1.704.160,0.10393599793314934
52.162.1.704.168,0.1085439994931221
52.162.1.704.176,0.09983999654650688
52.162.1.704.184,0.10342399775981903
52.162.1.704.192,0.10547199845314026
52.162.1.704.200,0.10444799810647964
52.162.1.704.208,0.10035199671983719
52.162.1.704.216,0.10342399775981903
52.162.1.704.224,0.10342399775981903
52.162.1.704.232,0.1013759970664978
52.162.1.704.240,0.10188799723982811
52.162.1.704.248,0.10239999741315842
52.162.1.704.256,0.10188799723982811
52.162.1.704.272,0.10239999741315842
52.162.1.704.288,0.10444799810647964
52.162.1.704.304,0.10239999741315842
52.162.1.704.320,0.09983999654650688
52.162.1.704.336,0.1013759970664978
52.162.1.704.352,0.10342399775981903
52.162.1.704.368,0.1013759970664978
52.162.1.704.384,0.10188799723982811
52.162.1.704.416,0.10342399775981903
52.162.1.704.448,0.1008639968931675
52.162.1.704.480,0.10035199671983719
52.162.1.704.512,0.10393599793314934
52.162.1.704.576,0.10188799723982811
52.162.1.704.640,0.10188799723982811
52.162.1.704.704,0.10239999741315842
52.162.1.704.768,0.1013759970664978
52.162.1.704.832,0.1008639968931675
52.162.1.704.896,0.09830400347709656
52.162.1.704.960,0.09728000313043594
52.162.1.704.1024,0.09676800295710564
52.162.1.768.1,0.11161600053310394
52.162.1.768.2,0.10291199758648872
52.162.1.768.4,0.10239999741315842
52.162.1.768.8,0.10342399775981903
52.162.1.768.12,0.10649599879980087
52.162.1.768.16,0.09983999654650688
52.162.1.768.20,0.10342399775981903
52.162.1.768.24,0.1013759970664978
52.162.1.768.28,0.10342399775981903
52.162.1.768.32,0.10188799723982811
52.162.1.768.36,0.10239999741315842
52.162.1.768.40,0.1008639968931675
52.162.1.768.44,0.10188799723982811
52.162.1.768.48,0.09932800009846687
52.162.1.768.52,0.10035199671983719
52.162.1.768.56,0.10188799723982811
52.162.1.768.60,0.09983999654650688
52.162.1.768.64,0.09932799637317657
52.162.1.768.68,0.1008639968931675
52.162.1.768.72,0.10188799723982811
52.162.1.768.76,0.09881599992513657
52.162.1.768.80,0.09983999654650688
52.162.1.768.84,0.09932799637317657
52.162.1.768.88,0.10035199671983719
52.162.1.768.92,0.09779200330376625
52.162.1.768.96,0.10342399775981903
52.162.1.768.100,0.1013759970664978
52.162.1.768.104,0.10239999741315842
52.162.1.768.108,0.10035199671983719
52.162.1.768.112,0.1013759970664978
52.162.1.768.116,0.10239999741315842
52.162.1.768.120,0.1013759970664978
52.162.1.768.124,0.1008639968931675
52.162.1.768.128,0.10342399775981903
52.162.1.768.136,0.10547199845314026
52.162.1.768.144,0.1008639968931675
52.162.1.768.152,0.10700799897313118
52.162.1.768.160,0.1013759970664978
52.162.1.768.168,0.10291199758648872
52.162.1.768.176,0.10188799723982811
52.162.1.768.184,0.1013759970664978
52.162.1.768.192,0.10239999741315842
52.162.1.768.200,0.1013759970664978
52.162.1.768.208,0.10291199758648872
52.162.1.768.216,0.09983999654650688
52.162.1.768.224,0.09932799637317657
52.162.1.768.232,0.10444799810647964
52.162.1.768.240,0.1013759970664978
52.162.1.768.248,0.09983999654650688
52.162.1.768.256,0.10291199758648872
52.162.1.768.272,0.10188799723982811
52.162.1.768.288,0.1013759970664978
52.162.1.768.304,0.10342399775981903
52.162.1.768.320,0.10598399862647057
52.162.1.768.336,0.10444799810647964
52.162.1.768.352,0.09881599992513657
52.162.1.768.368,0.1013759970664978
52.162.1.768.384,0.1008639968931675
52.162.1.768.416,0.10239999741315842
52.162.1.768.448,0.10239999741315842
52.162.1.768.480,0.10239999741315842
52.162.1.768.512,0.10239999741315842
52.162.1.768.576,0.10342399775981903
52.162.1.768.640,0.10188799723982811
52.162.1.768.704,0.10239999741315842
52.162.1.768.768,0.1013759970664978
52.162.1.768.832,0.09881599992513657
52.162.1.768.896,0.09625600278377533
52.162.1.768.960,0.09676800295710564
52.162.1.768.1024,0.09728000313043594
52.162.1.832.1,0.12083200365304947
52.162.1.832.2,0.11417600139975548
52.162.1.832.4,0.09983999654650688
52.162.1.832.8,0.10444799810647964
52.162.1.832.12,0.10393599793314934
52.162.1.832.16,0.1013759970664978
52.162.1.832.20,0.1008639968931675
52.162.1.832.24,0.10342399775981903
52.162.1.832.28,0.10291199758648872
52.162.1.832.32,0.10342399775981903
52.162.1.832.36,0.10239999741315842
52.162.1.832.40,0.09932799637317657
52.162.1.832.44,0.1008639968931675
52.162.1.832.48,0.09983999654650688
52.162.1.832.52,0.10291199758648872
52.162.1.832.56,0.10239999741315842
52.162.1.832.60,0.11008000001311302
52.162.1.832.64,0.10393599793314934
52.162.1.832.68,0.1085439994931221
52.162.1.832.72,0.10239999741315842
52.162.1.832.76,0.1008639968931675
52.162.1.832.80,0.10291199758648872
52.162.1.832.84,0.10035199671983719
52.162.1.832.88,0.10393599793314934
52.162.1.832.92,0.10035199671983719
52.162.1.832.96,0.1008639968931675
52.162.1.832.100,0.1013759970664978
52.162.1.832.104,0.1008639968931675
52.162.1.832.108,0.10188799723982811
52.162.1.832.112,0.1008639968931675
52.162.1.832.116,0.1013759970664978
52.162.1.832.120,0.10547199845314026
52.162.1.832.124,0.09932799637317657
52.162.1.832.128,0.10239999741315842
52.162.1.832.136,0.10035199671983719
52.162.1.832.144,0.10239999741315842
52.162.1.832.152,0.10188799723982811
52.162.1.832.160,0.10035199671983719
52.162.1.832.168,0.10342399775981903
52.162.1.832.176,0.10035199671983719
52.162.1.832.184,0.10239999741315842
52.162.1.832.192,0.10239999741315842
52.162.1.832.200,0.10547199845314026
52.162.1.832.208,0.10188799723982811
52.162.1.832.216,0.1008639968931675
52.162.1.832.224,0.10188799723982811
52.162.1.832.232,0.09881599992513657
52.162.1.832.240,0.10035199671983719
52.162.1.832.248,0.09983999654650688
52.162.1.832.256,0.1013759970664978
52.162.1.832.272,0.10495999827980995
52.162.1.832.288,0.09983999654650688
52.162.1.832.304,0.10239999741315842
52.162.1.832.320,0.10342399775981903
52.162.1.832.336,0.1013759970664978
52.162.1.832.352,0.10291199758648872
52.162.1.832.368,0.10342399775981903
52.162.1.832.384,0.1013759970664978
52.162.1.832.416,0.1013759970664978
52.162.1.832.448,0.1013759970664978
52.162.1.832.480,0.10291199758648872
52.162.1.832.512,0.10035199671983719
52.162.1.832.576,0.1013759970664978
52.162.1.832.640,0.10393599793314934
52.162.1.832.704,0.09983999654650688
52.162.1.832.768,0.10239999741315842
52.162.1.832.832,0.09932800009846687
52.162.1.832.896,0.09932800009846687
52.162.1.832.960,0.09625600278377533
52.162.1.832.1024,0.09728000313043594
52.162.1.896.1,0.10905599966645241
52.162.1.896.2,0.10342399775981903
52.162.1.896.4,0.10239999741315842
52.162.1.896.8,0.10342399775981903
52.162.1.896.12,0.10956799983978271
52.162.1.896.16,0.10035199671983719
52.162.1.896.20,0.1080319993197918
52.162.1.896.24,0.09983999654650688
52.162.1.896.28,0.10649599879980087
52.162.1.896.32,0.10444799810647964
52.162.1.896.36,0.10905599966645241
52.162.1.896.40,0.09983999654650688
52.162.1.896.44,0.1013759970664978
52.162.1.896.48,0.09983999654650688
52.162.1.896.52,0.10342399775981903
52.162.1.896.56,0.10035199671983719
52.162.1.896.60,0.10444799810647964
52.162.1.896.64,0.10035199671983719
52.162.1.896.68,0.09881599992513657
52.162.1.896.72,0.09830400347709656
52.162.1.896.76,0.09728000313043594
52.162.1.896.80,0.09779200330376625
52.162.1.896.84,0.10035199671983719
52.162.1.896.88,0.09830400347709656
52.162.1.896.92,0.09932800009846687
52.162.1.896.96,0.1013759970664978
52.162.1.896.100,0.11059200018644333
52.162.1.896.104,0.10393599793314934
52.162.1.896.108,0.1085439994931221
52.162.1.896.112,0.09983999654650688
52.162.1.896.116,0.1013759970664978
52.162.1.896.120,0.10035199671983719
52.162.1.896.124,0.1008639968931675
52.162.1.896.128,0.10393599793314934
52.162.1.896.136,0.1008639968931675
52.162.1.896.144,0.09932799637317657
52.162.1.896.152,0.10342399775981903
52.162.1.896.160,0.10239999741315842
52.162.1.896.168,0.10035199671983719
52.162.1.896.176,0.1008639968931675
52.162.1.896.184,0.1013759970664978
52.162.1.896.192,0.10239999741315842
52.162.1.896.200,0.10035199671983719
52.162.1.896.208,0.10342399775981903
52.162.1.896.216,0.10188799723982811
52.162.1.896.224,0.1008639968931675
52.162.1.896.232,0.10035199671983719
52.162.1.896.240,0.10291199758648872
52.162.1.896.248,0.10291199758648872
52.162.1.896.256,0.10035199671983719
52.162.1.896.272,0.10342399775981903
52.162.1.896.288,0.1008639968931675
52.162.1.896.304,0.1008639968931675
52.162.1.896.320,0.09881599992513657
52.162.1.896.336,0.10342399775981903
52.162.1.896.352,0.1008639968931675
52.162.1.896.368,0.1008639968931675
52.162.1.896.384,0.10393599793314934
52.162.1.896.416,0.1013759970664978
52.162.1.896.448,0.10239999741315842
52.162.1.896.480,0.10239999741315842
52.162.1.896.512,0.10239999741315842
52.162.1.896.576,0.10444799810647964
52.162.1.896.640,0.1008639968931675
52.162.1.896.704,0.09983999654650688
52.162.1.896.768,0.10035199671983719
52.162.1.896.832,0.09728000313043594
52.162.1.896.896,0.09881599992513657
52.162.1.896.960,0.0936960019171238
52.162.1.896.1024,0.09523200243711472
52.162.1.960.1,0.12083200365304947
52.162.1.960.2,0.10444799810647964
52.162.1.960.4,0.10342399775981903
52.162.1.960.8,0.1013759970664978
52.162.1.960.12,0.1085439994931221
52.162.1.960.16,0.10188799723982811
52.162.1.960.20,0.10342399775981903
52.162.1.960.24,0.10239999741315842
52.162.1.960.28,0.10188799723982811
52.162.1.960.32,0.09881599992513657
52.162.1.960.36,0.10239999741315842
52.162.1.960.40,0.1013759970664978
52.162.1.960.44,0.10342399775981903
52.162.1.960.48,0.10188799723982811
52.162.1.960.52,0.09932800009846687
52.162.1.960.56,0.10188799723982811
52.162.1.960.60,0.09881599992513657
52.162.1.960.64,0.09881599992513657
52.162.1.960.68,0.1013759970664978
52.162.1.960.72,0.10239999741315842
52.162.1.960.76,0.1013759970664978
52.162.1.960.80,0.10342399775981903
52.162.1.960.84,0.09932799637317657
52.162.1.960.88,0.1008639968931675
52.162.1.960.92,0.10035199671983719
52.162.1.960.96,0.10495999827980995
52.162.1.960.100,0.10188799723982811
52.162.1.960.104,0.09932799637317657
52.162.1.960.108,0.10291199758648872
52.162.1.960.112,0.10291199758648872
52.162.1.960.116,0.09983999654650688
52.162.1.960.120,0.10239999741315842
52.162.1.960.124,0.09983999654650688
52.162.1.960.128,0.10239999741315842
52.162.1.960.136,0.10291199758648872
52.162.1.960.144,0.09932800009846687
52.162.1.960.152,0.10188799723982811
52.162.1.960.160,0.10188799723982811
52.162.1.960.168,0.1008639968931675
52.162.1.960.176,0.1008639968931675
52.162.1.960.184,0.1008639968931675
52.162.1.960.192,0.10342399775981903
52.162.1.960.200,0.1008639968931675
52.162.1.960.208,0.10393599793314934
52.162.1.960.216,0.1013759970664978
52.162.1.960.224,0.09830400347709656
52.162.1.960.232,0.10239999741315842
52.162.1.960.240,0.10035200044512749
52.162.1.960.248,0.1013759970664978
52.162.1.960.256,0.10188799723982811
52.162.1.960.272,0.10188799723982811
52.162.1.960.288,0.1013759970664978
52.162.1.960.304,0.10444799810647964
52.162.1.960.320,0.10188799723982811
52.162.1.960.336,0.1008639968931675
52.162.1.960.352,0.10035199671983719
52.162.1.960.368,0.10239999741315842
52.162.1.960.384,0.1013759970664978
52.162.1.960.416,0.09932799637317657
52.162.1.960.448,0.10239999741315842
52.162.1.960.480,0.10444799810647964
52.162.1.960.512,0.10291199758648872
52.162.1.960.576,0.09881599992513657
52.162.1.960.640,0.1013759970664978
52.162.1.960.704,0.10291199758648872
52.162.1.960.768,0.09932799637317657
52.162.1.960.832,0.09625600278377533
52.162.1.960.896,0.09779200330376625
52.162.1.960.960,0.09728000313043594
52.162.1.960.1024,0.09728000313043594
52.162.1.1024.1,0.11468800157308578
52.162.1.1024.2,0.10239999741315842
52.162.1.1024.4,0.10956799983978271
52.162.1.1024.8,0.10188799723982811
52.162.1.1024.12,0.1013759970664978
52.162.1.1024.16,0.1013759970664978
52.162.1.1024.20,0.10239999741315842
52.162.1.1024.24,0.09984000027179718
52.162.1.1024.28,0.1008639968931675
52.162.1.1024.32,0.09779200330376625
52.162.1.1024.36,0.1013759970664978
52.162.1.1024.40,0.1013759970664978
52.162.1.1024.44,0.1013759970664978
52.162.1.1024.48,0.09830399975180626
52.162.1.1024.52,0.1008639968931675
52.162.1.1024.56,0.09983999654650688
52.162.1.1024.60,0.10905599966645241
52.162.1.1024.64,0.10239999741315842
52.162.1.1024.68,0.10547199845314026
52.162.1.1024.72,0.10188799723982811
52.162.1.1024.76,0.1013759970664978
52.162.1.1024.80,0.10035199671983719
52.162.1.1024.84,0.10751999914646149
52.162.1.1024.88,0.10393599793314934
52.162.1.1024.92,0.10291199758648872
52.162.1.1024.96,0.10035199671983719
52.162.1.1024.100,0.1008639968931675
52.162.1.1024.104,0.10342399775981903
52.162.1.1024.108,0.09881599992513657
52.162.1.1024.112,0.10188799723982811
52.162.1.1024.116,0.11059200018644333
52.162.1.1024.120,0.1008639968931675
52.162.1.1024.124,0.10700799897313118
52.162.1.1024.128,0.1008639968931675
52.162.1.1024.136,0.09983999654650688
52.162.1.1024.144,0.09932799637317657
52.162.1.1024.152,0.10188799723982811
52.162.1.1024.160,0.10239999741315842
52.162.1.1024.168,0.09983999654650688
52.162.1.1024.176,0.1085439994931221
52.162.1.1024.184,0.09983999654650688
52.162.1.1024.192,0.10188799723982811
52.162.1.1024.200,0.10393599793314934
52.162.1.1024.208,0.09983999654650688
52.162.1.1024.216,0.10188799723982811
52.162.1.1024.224,0.10035199671983719
52.162.1.1024.232,0.10035199671983719
52.162.1.1024.240,0.09932799637317657
52.162.1.1024.248,0.1008639968931675
52.162.1.1024.256,0.10188799723982811
52.162.1.1024.272,0.09881599992513657
52.162.1.1024.288,0.10188799723982811
52.162.1.1024.304,0.1013759970664978
52.162.1.1024.320,0.10547199845314026
52.162.1.1024.336,0.10291199758648872
52.162.1.1024.352,0.10291199758648872
52.162.1.1024.368,0.10239999741315842
52.162.1.1024.384,0.09983999654650688
52.162.1.1024.416,0.1013759970664978
52.162.1.1024.448,0.09881599992513657
52.162.1.1024.480,0.10035199671983719
52.162.1.1024.512,0.10035199671983719
52.162.1.1024.576,0.1013759970664978
52.162.1.1024.640,0.09932800009846687
52.162.1.1024.704,0.09983999654650688
52.162.1.1024.768,0.1013759970664978
52.162.1.1024.832,0.09779200330376625
52.162.1.1024.896,0.09728000313043594
52.162.1.1024.960,0.09728000313043594
52.162.1.1024.1024,0.09472000226378441
52.32.0.1.1,0.11059200018644333
52.32.0.1.2,0.10649599879980087
52.32.0.1.4,0.10495999827980995
52.32.0.1.8,0.10444799810647964
52.32.0.1.12,0.1085439994931221
52.32.0.1.16,0.1085439994931221
52.32.0.1.20,0.10547199845314026
52.32.0.1.24,0.10444799810647964
52.32.0.1.28,0.10700799897313118
52.32.0.1.32,0.10649599879980087
52.32.0.1.36,0.10598399862647057
52.32.0.1.40,0.10495999827980995
52.32.0.1.44,0.10444799810647964
52.32.0.1.48,0.10598399862647057
52.32.0.1.52,0.10547199845314026
52.32.0.1.56,0.10598399862647057
52.32.0.1.60,0.10547199845314026
52.32.0.1.64,0.10598399862647057
52.32.0.1.68,0.10751999914646149
52.32.0.1.72,0.10547199845314026
52.32.0.1.76,0.1080319993197918
52.32.0.1.80,0.10598399862647057
52.32.0.1.84,0.1080319993197918
52.32.0.1.88,0.10495999827980995
52.32.0.1.92,0.10444799810647964
52.32.0.1.96,0.10495999827980995
52.32.0.1.100,0.10495999827980995
52.32.0.1.104,0.10547199845314026
52.32.0.1.108,0.10495999827980995
52.32.0.1.112,0.10547199845314026
52.32.0.1.116,0.10751999914646149
52.32.0.1.120,0.10547199845314026
52.32.0.1.124,0.10393599793314934
52.32.0.1.128,0.1085439994931221
52.32.0.1.136,0.10751999914646149
52.32.0.1.144,0.10547199845314026
52.32.0.1.152,0.10649599879980087
52.32.0.1.160,0.10598399862647057
52.32.0.1.168,0.10188799723982811
52.32.0.1.176,0.10547199845314026
52.32.0.1.184,0.10700799897313118
52.32.0.1.192,0.10905599966645241
52.32.0.1.200,0.10342399775981903
52.32.0.1.208,0.10905599966645241
52.32.0.1.216,0.10393599793314934
52.32.0.1.224,0.10751999914646149
52.32.0.1.232,0.10444799810647964
52.32.0.1.240,0.11008000001311302
52.32.0.1.248,0.10495999827980995
52.32.0.1.256,0.10649599879980087
52.32.0.1.272,0.10342399775981903
52.32.0.1.288,0.10342399775981903
52.32.0.1.304,0.10495999827980995
52.32.0.1.320,0.10598399862647057
52.32.0.1.336,0.10495999827980995
52.32.0.1.352,0.10547199845314026
52.32.0.1.368,0.10700799897313118
52.32.0.1.384,0.10393599793314934
52.32.0.1.416,0.10495999827980995
52.32.0.1.448,0.10495999827980995
52.32.0.1.480,0.10444799810647964
52.32.0.1.512,0.10700799897313118
52.32.0.1.576,0.10495999827980995
52.32.0.1.640,0.10547199845314026
52.32.0.1.704,0.10495999827980995
52.32.0.1.768,0.11008000001311302
52.32.0.1.832,0.1085439994931221
52.32.0.1.896,0.10393599793314934
52.32.0.1.960,0.10342399775981903
52.32.0.1.1024,0.10956799983978271
52.32.0.2.1,0.10547199845314026
52.32.0.2.2,0.09472000226378441
52.32.0.2.4,0.09676800295710564
52.32.0.2.8,0.09523200243711472
52.32.0.2.12,0.09523200243711472
52.32.0.2.16,0.09574400261044502
52.32.0.2.20,0.09318400174379349
52.32.0.2.24,0.09472000226378441
52.32.0.2.28,0.0942080020904541
52.32.0.2.32,0.0936960019171238
52.32.0.2.36,0.0936960019171238
52.32.0.2.40,0.0936960019171238
52.32.0.2.44,0.09574400261044502
52.32.0.2.48,0.09574400261044502
52.32.0.2.52,0.09574400261044502
52.32.0.2.56,0.0942080020904541
52.32.0.2.60,0.09523200243711472
52.32.0.2.64,0.0942080020904541
52.32.0.2.68,0.09523200243711472
52.32.0.2.72,0.09216000139713287
52.32.0.2.76,0.09523200243711472
52.32.0.2.80,0.0942080020904541
52.32.0.2.84,0.09267200157046318
52.32.0.2.88,0.09472000226378441
52.32.0.2.92,0.09523200243711472
52.32.0.2.96,0.09625600278377533
52.32.0.2.100,0.09523200243711472
52.32.0.2.104,0.09523200243711472
52.32.0.2.108,0.09523200243711472
52.32.0.2.112,0.09267200157046318
52.32.0.2.116,0.0942080020904541
52.32.0.2.120,0.09318400174379349
52.32.0.2.124,0.09523200243711472
52.32.0.2.128,0.09472000226378441
52.32.0.2.136,0.09523200243711472
52.32.0.2.144,0.09676800295710564
52.32.0.2.152,0.09523200243711472
52.32.0.2.160,0.09625600278377533
52.32.0.2.168,0.09472000226378441
